3 0 50 30 
3 167 82 288 
3 296 68 252 
3 180 268 256 
3 216 254 228 
3 54 236 186 
3 108 157 206 
3 33 295 215 
3 85 11 143 
3 116 158 126 
3 275 243 1 
3 87 3 47 
3 41 111 262 
3 164 209 279 
3 249 27 240 
3 212 258 233 
3 110 207 97 
3 88 89 189 
3 75 191 123 
3 103 170 69 
3 80 177 135 
3 72 253 272 
3 4 163 173 
3 7 61 94 
3 294 160 293 
3 148 109 208 
3 162 73 178 
3 259 147 52 
3 159 298 49 
3 246 22 84 
3 203 197 153 
3 24 237 278 
3 133 76 175 
3 62 269 169 
3 161 114 77 
3 127 140 151 
3 13 48 257 
3 260 190 274 
3 276 6 149 
3 136 42 132 
2 92 90 
2 95 10 
2 137 101 
3 290 283 130 
2 227 93 
2 193 25 
2 15 70 
2 218 5 
2 273 131 
2 150 235 
2 285 98 
2 107 83 
2 74 119 
2 144 201 
2 105 138 
2 18 205 
2 171 287 
2 187 118 
2 38 81 
2 63 112 
2 125 124 
2 156 255 
2 60 139 
2 200 16 
2 57 219 
2 19 35 
2 213 248 
2 44 181 
2 129 238 
2 79 20 
2 245 265 
2 226 223 
2 21 31 
2 113 266 
2 224 250 
2 91 242 
2 232 196 
2 96 78 
2 188 292 
2 39 264 
2 277 106 
2 281 289 
2 174 115 
2 282 12 
2 29 152 
2 214 155 
2 128 55 
2 284 182 
2 102 59 
2 28 141 
2 241 104 
2 244 192 
2 204 67 
2 217 145 
2 146 142 
2 239 297 
2 121 176 
2 202 71 
2 185 43 
2 271 154 
