102 7024 2679 6725 3605 4441 1805 200 5829 3073 7491 6206 3014 9603 2527 6718 9563 6423 5154 1576 1594 2270 9495 8085 489 5764 9905 9692 1508 2787 2300 3635 2579 7403 738 1098 3238 7528 2106 5300 1246 4927 3327 9140 8036 7219 7187 5013 2372 9662 2252 4182 824 8559 8373 9531 5464 5349 5181 1503 5685 8417 8829 2411 5426 6197 6046 341 8566 2466 8961 4853 6154 116 2450 8944 1125 7663 7870 888 7707 7916 6144 2695 9498 6620 4430 4475 2627 2942 1993 2257 4736 1154 498 9519 1189 8275 8642 1381 8102 6285 1210 
101 574 7917 7482 8596 327 7163 3679 1678 2873 1436 8578 218 1106 5710 8663 4719 7944 2853 872 7177 1879 4604 8936 5136 2918 2707 8250 721 137 3467 9921 2896 4556 9741 9767 3479 2462 9684 4961 6117 5212 4407 5982 5617 8915 2763 7912 6673 9216 9838 2954 3648 1180 9769 281 8265 4645 2115 9225 9090 6352 7601 178 4917 3450 5486 186 1774 8191 5024 2336 9081 9351 2868 7619 4649 9071 5798 4405 1370 3598 6855 763 7006 3512 4168 2176 6125 3623 8247 5235 3149 7836 4610 2327 9613 6064 4301 4355 4779 3092 
106 699 6101 2245 3309 9120 3806 3941 3815 7388 3513 6267 2641 5114 8783 1651 2778 822 5291 3134 1082 3271 9309 8546 575 3745 2118 4549 8277 8932 6182 1275 9220 9248 4947 4213 2568 2125 1253 5313 6403 7651 2775 3947 5046 2052 9469 8406 3899 7565 6937 1796 9891 8051 1124 8711 8700 8272 6689 8429 9523 8401 3144 7873 2328 3148 4993 6854 5221 3971 6774 1409 9346 7114 1836 4399 9317 939 7645 9776 5229 8775 5170 4550 5931 4353 3069 4404 94 6901 7071 4864 3160 4487 421 6478 1451 6567 304 4950 1535 5011 1927 5342 7753 10 8693 
90 6373 8338 7254 4651 7776 2457 5524 2859 2785 7441 1846 682 6874 4456 9059 7635 2594 8024 9874 1298 8045 4015 1806 8101 4965 7949 3625 1813 4331 6593 5771 4392 3257 262 2560 658 5744 9334 2421 3681 556 4608 4411 2407 2780 395 80 4616 5385 7360 8657 7446 879 6588 5153 390 1590 7956 7740 4433 3910 9318 6540 3284 4198 6048 4801 6939 9266 2162 1037 8337 7988 5665 9674 8586 9395 2325 1484 5463 9535 1749 7815 3754 4264 2937 2759 2339 2515 9253 
96 3545 5839 3771 6164 9336 8363 9868 1213 3968 728 2218 2680 6536 6520 2398 2217 835 2631 4222 6952 2623 7989 4536 7494 8873 9872 7874 8567 4070 7658 6836 6798 3640 8204 3938 1497 8968 2893 8651 5805 3797 7785 4639 9019 1612 9556 9147 526 3752 792 7607 9320 2949 2430 3143 677 4003 8252 2530 9341 4309 5066 260 3984 4852 3305 6947 1387 2285 9580 8349 1802 6762 2740 8794 5813 1078 6555 1373 1779 715 3471 2747 8189 30 7538 7370 795 6026 3569 2365 4958 6259 637 3921 1703 
92 5037 1424 5458 5675 5577 5998 4591 644 9697 975 5246 4962 3547 1865 6254 1039 133 6793 424 3098 4692 5145 7014 3962 4035 5636 7734 5180 2322 768 980 4492 8251 2857 8595 5582 2657 6506 4063 2543 2851 1660 1766 4933 8468 6453 4322 823 9748 3269 9383 5919 9444 6012 4532 7924 1232 9568 3651 8949 8124 6111 530 8738 940 8830 3272 7818 3562 2169 6316 9871 5983 3290 2292 3411 5698 8585 2632 938 6220 8411 7814 2264 9399 5320 9487 6865 1940 9102 1043 453 
98 4131 4765 2791 6462 2525 2030 2901 3432 8116 369 4502 1910 4786 2035 4785 5355 6941 3485 1810 4497 7965 8981 5171 9595 9925 5060 3924 4449 8485 5488 72 3706 9880 2405 483 1411 8162 3656 4110 620 100 2638 7995 8759 4325 8099 8376 54 2333 8653 6363 5059 9792 8366 9760 8448 5686 9675 2681 855 561 6114 951 8052 9029 7868 8109 559 9864 8891 2337 5554 5763 4752 9967 6119 3138 8333 748 6832 7571 2786 5274 7003 542 6422 915 1754 9817 5962 4282 1888 8377 613 3185 3619 9608 8506 
99 8727 814 7239 3655 854 9430 2432 2689 7846 2175 8219 9279 5749 2397 4822 5556 1149 2544 1235 9728 8842 3653 3323 1776 9581 5121 9516 8668 579 9597 2957 3750 3912 7990 4158 9654 1282 1454 7282 3307 1129 8796 5083 7625 8953 7880 57 7543 8820 2590 5790 8680 7439 3264 4011 4795 3234 1522 235 6410 2362 8004 3105 4004 3203 3066 2643 1618 6143 1686 7378 2256 802 9790 4712 3465 1963 9412 8340 7433 4835 9298 9821 3262 6147 9984 3166 2843 1959 6054 2417 6247 4670 3572 1447 3922 2603 5784 4595 
99 2355 250 2193 923 6210 4971 9696 5834 5884 469 6194 5120 3088 2400 9302 2040 5849 1699 8939 3894 7598 2058 6508 1074 229 5296 3740 4803 5064 6562 6236 3089 5789 4398 1831 1974 5529 9245 4469 7369 8293 441 6819 9180 9877 4320 9360 1626 7519 9158 6739 245 6449 9782 4232 5249 7502 2749 8018 8654 2672 334 2811 315 2317 3177 1789 4 9304 5795 983 4008 2098 1653 5995 1177 4619 4545 8718 2658 3023 3179 2498 7223 1844 6951 7618 5092 5676 3008 4119 3735 2122 5703 2920 2928 9491 3616 2389 
96 7787 8669 4560 2801 4695 6483 9525 251 3249 4851 587 6300 1747 4382 782 5725 2953 1040 8641 2595 26 3955 8886 8924 7202 8478 6618 2587 8064 6687 2716 5256 9136 2870 2483 2508 6723 1670 6136 1681 7891 3812 5538 5853 6419 349 1911 4777 9055 6602 1672 8739 2021 9786 4288 8856 246 562 5628 4626 7061 2342 201 4152 6083 6003 4115 4859 8301 1587 7680 9762 3543 1223 3561 5793 3664 4627 4597 4244 9443 2999 6036 9826 372 5864 1462 7158 456 7097 6493 9906 7655 9028 3236 1694 
97 7706 1490 5900 1404 9058 5598 4389 8131 7105 3483 7654 8041 2087 2507 4975 7004 8214 180 7859 8012 1704 9052 3012 6942 7232 6970 1327 4408 4769 273 9262 9273 2842 9602 1504 155 9468 2467 9184 9382 710 7295 6601 946 974 4187 6323 4797 1719 8126 9141 8565 9956 9835 9256 5573 3180 5943 5881 1072 5674 7774 3834 1950 8407 5505 7358 5358 3273 4319 7316 6085 8005 9181 929 5575 5511 9315 9995 9371 5699 1828 4666 2488 7807 8587 9725 1337 4904 1434 2745 275 2970 3903 2580 4823 2370 
98 9213 6365 2766 9018 5602 4214 3016 6118 7997 83 2774 2383 1001 6642 3935 1623 5908 5723 2820 9372 7241 5984 4680 6426 583 6509 7077 2624 5492 8672 7623 6030 7848 231 5093 258 6041 9699 7504 4908 8211 5732 2604 3110 7978 8469 9540 5638 6120 2186 9221 2661 4141 5003 7340 7612 7178 6876 6098 9586 2803 8356 5673 7540 3649 8040 2069 7881 3306 9720 7456 3790 9690 2921 9673 8474 3364 2919 7174 8256 4358 3516 5645 948 2598 6070 6558 5159 7744 485 4384 8681 8644 3356 8339 1479 1260 5586 
106 5439 5934 4515 4181 7413 6465 9162 9339 9144 3388 6822 4442 1880 43 4693 3377 4397 3112 3288 921 533 591 2847 9622 8976 5549 8342 5250 6614 9534 9623 6224 6961 8987 8280 70 6801 5663 7981 1426 3406 7127 6940 9552 5843 8592 4614 6696 19 5517 6241 2352 7344 2743 7791 1169 18 131 8837 3682 693 3926 4952 1585 900 2109 1511 5835 4922 8776 227 7946 4308 6574 3781 51 1008 5791 3650 4434 7855 278 950 6354 2546 7435 3723 9347 1242 6537 811 1392 213 6705 1188 8526 512 4347 8435 3822 9711 6837 8148 3954 9001 6646 
91 7329 9074 5514 6379 165 3552 6494 1002 7784 2601 9481 5785 7396 1855 3861 7252 3336 2278 3117 3982 8385 8384 5737 9323 6821 958 120 8383 2107 8735 6349 357 7893 8133 9438 1645 9264 128 9025 497 9104 3470 5006 517 8785 5311 183 5595 7160 8200 1908 9632 3299 6792 4588 2501 6563 7697 9751 2691 2617 9789 284 5507 7207 3929 2719 7969 6223 4171 3593 2929 3459 9936 2575 3970 6698 7568 9938 867 2523 8284 4790 624 4798 9204 5287 4114 4223 6804 9333 
98 9035 2637 7019 8289 1769 4905 4206 5800 4010 4702 744 6112 2739 3913 474 863 6932 8488 6885 8541 6989 2649 618 1559 6552 9297 6892 1641 1289 8235 4940 3794 8958 3215 7879 230 8296 5282 8667 3278 6707 956 7805 8570 9172 6813 704 6814 1320 4438 9065 8926 4381 4889 4311 5873 7332 2879 5406 113 617 2448 1718 4598 6188 7641 291 4338 6570 3979 8335 7666 4537 9503 1683 2616 8408 7940 2989 3877 4143 7731 3697 2909 9553 3641 1311 3795 8553 1820 1162 7773 5740 859 6039 2978 776 5227 
96 1523 1475 3071 1178 767 9196 4776 8149 979 7964 1871 5547 9596 3563 2671 3538 6648 194 4189 3842 4042 6811 8868 9917 7863 7566 6644 8900 7480 2865 2110 2263 8449 7899 3583 7922 7293 3871 3860 2708 4847 6020 3242 805 9130 4030 6018 355 6873 7834 3991 4700 1529 1677 9195 7355 9110 5472 3880 2518 8466 1887 2793 6923 7628 3387 3897 2481 82 1913 159 3743 8055 7027 4983 3499 7233 6979 7322 7326 7101 2583 6515 4314 2214 5825 8034 3501 7828 2279 6773 781 9940 3654 729 7831 
103 4217 6605 2489 6395 7086 2246 9027 1688 3425 2862 5532 1755 4960 841 3634 463 2379 3691 4701 1982 8872 3662 9574 5887 6005 9958 4768 4997 8329 6330 8069 3617 3172 6232 3803 3286 9405 1460 9291 8522 7596 911 903 2219 1625 7584 8549 3885 7673 5615 9348 2146 1208 8809 3854 3952 7602 889 4652 7695 3435 3145 1032 7249 8327 8395 4377 4177 8778 8728 4837 2309 9106 8539 4234 6890 9311 3139 1113 4732 3125 606 6305 3448 7693 3049 4204 1029 9082 9255 8508 9930 2524 7713 4287 9788 8090 810 5776 1326 3709 6789 6948 
107 1546 7503 1137 3567 4428 4066 7869 4628 8729 4974 1240 9231 1999 127 2181 6415 1881 1342 8170 5331 6350 829 1461 8076 9511 1018 6246 551 8095 4867 2760 3638 8659 3045 6647 5201 6682 3959 809 6207 7872 6202 9714 6317 4578 6733 4173 9250 4735 4902 1089 8839 9889 9247 4860 8292 3237 8630 2946 1705 9647 3780 5347 5220 779 9466 8315 4472 5386 3162 5078 5303 7532 5405 2558 4796 8746 8907 1086 2062 2451 3347 7226 5058 2053 3462 9683 8128 2112 6532 2511 2720 6959 1883 9915 7611 4064 1449 5717 2289 884 2258 5979 4613 8352 2070 4981 
94 640 6806 9338 1287 6149 9242 5340 9340 7447 2492 1105 4650 1848 527 1441 5364 1003 5968 3769 2354 7170 1788 7854 2927 8751 6677 1041 2509 5001 7467 1000 1983 3147 3251 6600 1140 5061 7161 129 4133 8268 2973 397 4570 8319 2807 7203 3351 3799 191 6899 5662 5799 3517 5794 4526 7530 6343 1310 5348 6894 3932 2797 8139 7698 1635 9964 9869 842 3883 1244 669 7235 8442 5002 2497 9524 1044 9063 9296 8769 319 570 3381 8440 7476 6092 98 2134 9045 6978 9824 7591 773 
96 336 4821 9188 1174 9051 8555 7092 4530 690 7055 1466 806 5280 7976 7357 4480 4524 5585 4363 6560 5422 6554 9103 9990 2626 4473 6717 7287 5451 733 8063 3700 6649 270 1552 3397 236 2687 2678 274 4180 593 1646 7462 2308 6742 4403 1111 7806 1144 7438 4211 1629 2940 3398 6455 9290 5248 8600 7593 7847 5947 9900 5818 6611 5560 7468 4012 9740 1005 2799 1349 5756 2043 9030 9554 5393 9710 292 4964 9703 1616 1057 3093 7189 2917 1873 8452 9411 6571 2484 1932 9670 7974 3760 3176 
97 2036 4400 7201 5803 9897 1896 7347 731 2828 9324 5294 9015 7285 6623 3478 5509 9410 107 8141 9345 1649 6551 2360 77 5404 2017 9518 7918 3906 6022 3712 8391 3873 6399 1365 549 7478 3409 816 4763 9177 4923 1367 3863 7843 7299 8879 4458 2277 4559 4236 2145 6303 1726 3774 8311 7408 1698 7100 1781 1934 1049 6407 405 5888 8742 7373 2773 8755 2104 662 8982 8054 2304 9737 402 9899 4767 1741 5629 8662 9656 7356 1048 9994 6911 1315 6297 6177 9611 4109 482 9861 4603 8811 6591 4417 
94 4479 508 7183 7045 4548 8027 9590 7506 8415 6294 7044 8884 4980 2465 6594 3121 6277 2422 4037 6115 5016 7889 3252 264 5827 5860 766 7557 5233 3915 5497 9813 4675 5297 3259 7487 1943 5072 6124 852 2023 2137 3835 3526 5164 1463 2097 2532 1218 7085 4969 4202 7752 5797 4991 7849 5714 6014 8240 4863 9307 9079 2640 6355 3713 5401 2011 3333 1818 6875 8424 7409 7681 4949 8629 739 7248 1928 2947 5878 3988 3945 1499 7283 1572 9573 1063 5831 649 367 8328 8196 9088 9492 
108 4525 6458 5156 2068 9388 4691 5074 6203 481 8921 361 9352 8627 210 4726 2101 3373 9765 3889 8318 331 537 2077 1588 2995 5067 9843 4634 9752 754 7404 9124 3610 3310 4482 9851 1402 2914 7255 3500 2667 6843 672 6926 8193 7913 1228 6017 9427 5276 8617 3468 1083 7903 5065 1600 9370 3986 9060 7336 6436 3874 6613 1429 8607 1142 632 3859 6922 9091 298 944 1957 1070 5772 5471 6430 9777 2867 5112 2003 6730 8182 8461 6176 1234 4583 6058 1193 1496 5452 2209 5734 6442 784 9292 4916 4199 9361 7354 2537 7168 6694 9618 9521 9223 5769 4443 
104 6796 2717 8894 9259 2784 5921 4558 1288 3007 5095 2216 6550 2844 5870 9432 2888 348 8416 3 3217 4686 5627 5987 1464 4624 9827 4572 5846 8455 1080 3613 9114 2630 1636 1357 7620 22 5957 478 6315 5933 7564 3067 8686 1132 2792 5119 3905 4193 7864 1742 4179 2837 96 5166 2897 5642 3636 3716 219 8138 4084 2350 2810 6096 2163 6809 9387 6666 5118 5747 8208 9946 3401 6997 5457 7672 3420 1733 2806 8144 2076 3776 2899 3213 8713 7742 2414 1190 7892 1791 9149 6425 7521 8414 7721 5588 657 8950 7007 340 1079 785 67 
102 4609 9758 1096 1730 2275 9305 4676 4463 2615 5661 9732 1184 4470 1917 6069 9193 6578 9310 2185 2394 3403 1091 1936 7998 5469 8676 6541 563 1042 1492 6304 409 3963 475 5729 6249 5117 1198 1960 1954 5226 8421 978 843 5709 5242 4357 7545 6166 6152 9229 6795 4089 8678 3992 391 462 3135 5321 4667 6075 605 7694 276 3608 6181 596 7362 7983 8197 8089 237 932 7410 2442 5411 5880 7647 5755 4621 2153 1313 6445 6404 5495 1738 2425 9394 4241 6812 1237 4505 3960 6709 6474 9482 869 2540 7799 6269 1877 5922 
99 3503 3676 222 4272 9863 8893 6760 7541 6957 7245 3357 969 9831 4490 3205 1366 1891 496 66 8476 6443 961 886 4212 1120 9968 7442 4625 6990 908 6235 8169 2794 2302 7264 5806 8703 7028 6195 750 5045 3274 6061 3974 2701 5651 8092 8610 9809 7644 2610 4128 7522 8851 2042 3261 3491 6794 6369 7642 3130 849 9911 5527 8375 8572 3658 4053 9112 7710 6672 2840 8105 302 2443 703 1023 4648 4294 6659 4235 3866 3233 1307 192 9527 6502 7588 916 7366 8379 4280 3367 7652 1343 7269 7908 3930 5867 
105 6579 7267 5292 2962 7966 7390 6780 3571 5100 6524 1487 2255 3544 8810 7271 6033 2552 8288 34 871 839 7973 1059 3621 9210 1036 7333 9208 425 14 7951 5580 7310 4161 1656 7008 7300 9810 5477 1863 9543 7334 9396 4031 2253 3329 1222 9014 1782 789 6314 3568 7810 1164 1134 3214 5177 2770 4153 3987 6451 4615 3507 9794 9010 7675 4085 2933 5901 7772 1494 6606 8117 3032 7057 1852 9083 7424 7603 3577 9909 3637 546 3965 5640 2905 4903 8861 3359 6681 6153 8202 9278 7147 2534 3956 1112 8534 1388 7236 3296 3879 7484 7606 7970 
101 4513 2892 6392 7037 6004 8507 5986 4985 1903 8822 6904 9875 8563 3671 1929 1575 8438 6231 5844 7971 7257 2005 2272 5188 6435 4761 2041 1425 8062 1553 9480 4343 42 1673 8860 1192 4291 4939 7151 9986 2318 3090 4188 6450 2809 599 6930 3182 2705 7703 6106 5295 8691 8326 5590 2276 670 435 2051 774 3428 242 148 3537 9064 4231 1722 7627 8047 6105 7258 3828 3245 9718 6833 960 9433 3268 8959 8194 9870 9517 4611 1296 5193 514 9530 5131 1143 7700 5051 8634 4986 877 7919 8058 7112 943 5759 9121 4144 
102 8100 2007 416 1735 5289 8253 2935 8465 4568 8443 4330 6746 971 2413 7671 2332 9127 2516 6180 5054 9724 4041 6384 2972 3376 9105 4607 3075 8097 629 4846 4324 3875 4668 8348 5333 9643 625 2932 3642 6838 5802 6189 5677 8073 8355 3354 622 4870 3159 9689 6713 7529 5724 3472 4001 5122 4999 9122 5155 4737 2459 3850 7448 8059 8154 3054 6331 130 454 7688 9901 6461 2656 3028 93 7094 6908 5521 9655 5811 8537 2294 2856 4413 1512 5632 2531 8387 6882 7585 5407 1904 895 4299 3039 4302 6905 9037 1912 8685 6178 
98 3243 2215 4724 9560 5616 3399 5819 7569 9969 4657 6174 5430 741 2311 6006 1420 7331 4048 5139 4367 995 1701 76 5570 524 9834 7526 1542 1531 9464 550 3349 188 4252 6201 92 4079 8919 3250 69 8694 1133 6364 3304 4476 3698 2269 9507 4207 8720 3702 616 8246 9610 548 9178 8145 1849 5711 5559 8972 7353 2170 515 6161 1207 9419 6919 5990 9885 6137 7432 3579 9327 7422 321 3350 6405 1498 3550 8920 4027 7837 8967 7304 3888 8451 4741 4770 4728 2479 2754 6299 7724 6032 684 1334 3891 
100 7766 3226 6097 9818 9007 7962 88 5023 3389 2381 1955 7166 8493 8025 9154 4685 265 992 8098 9702 5845 5128 7383 1489 79 9982 554 2831 8044 9960 8495 1197 9583 3824 2028 9006 3596 7064 7279 3337 6488 8039 5429 8770 736 7909 6245 7259 5187 3663 6501 8945 4563 4978 8819 7159 5810 700 4096 5228 4126 9194 3765 5605 6929 9113 1944 5179 4782 9270 2390 7335 3510 3218 7043 7135 2722 4658 3644 5597 7906 5263 8593 2306 8577 6107 875 6162 1671 581 7325 7546 1352 828 7923 1407 2891 9234 9416 9494 
94 320 8341 769 8865 7379 7486 1501 927 9784 5842 4136 7729 6482 7351 793 4499 417 727 2906 8160 5634 8127 6312 7173 6533 8800 9456 7444 2316 3542 7691 5909 4672 8808 1697 611 1285 3758 1010 7936 6110 1299 117 3590 3199 5766 2670 9375 6675 2103 4093 4968 747 5545 1360 9935 9330 9129 5770 2313 228 7387 9056 2619 2526 3473 1541 4481 9040 866 8273 9373 8394 377 4640 705 5000 2124 5635 8859 109 122 9214 7495 5244 7485 7324 9246 9329 1564 6583 5356 4402 4918 
104 5649 6127 4654 48 3006 4843 3048 2578 2303 2737 6487 6155 1925 6420 2315 4111 6526 5111 2454 3933 5417 9761 266 6658 4539 818 451 8286 9787 9592 2728 8156 6168 9558 3631 4337 7664 6967 6063 8458 5281 6490 5089 6150 2907 8057 7885 3911 2839 9910 5925 3040 5273 8307 5318 3449 7389 7931 8030 1302 6799 4471 3864 1093 844 2976 3556 5038 9034 161 2723 8181 3576 6079 480 2496 4518 3703 5964 8203 3482 7414 8594 6495 8119 7106 8948 1403 2105 3128 1753 5969 4881 9163 6109 7455 7925 3892 3505 5389 2884 9322 4100 8974 
103 2533 6835 7968 9086 9642 4594 8158 3188 9004 1468 997 7342 225 2903 2060 5267 1869 8006 7423 5388 4825 9376 6370 4856 8192 6679 3076 6324 5562 1107 0 6877 8807 1839 1632 1978 8445 3546 4184 3005 8515 2267 7213 5754 6173 6276 9198 6607 8263 8080 1756 4429 9854 5158 708 780 6629 8019 6019 5305 6553 9750 3155 5466 6284 3244 3940 386 4034 12 1652 9209 1518 2172 3036 820 9258 1123 8849 2566 7927 4104 5500 9475 7516 3129 3192 6287 4421 962 2881 3994 8510 4362 8712 362 7402 1602 1362 7301 4259 9476 7884 
93 1860 8150 4485 4226 3346 3379 1045 1596 1937 9439 104 9937 3219 6266 5272 6577 5174 3805 6784 5275 8648 9709 5833 1025 8110 5993 6683 9137 1709 1438 3140 1471 3116 9009 4095 4531 3369 2535 4026 6791 7082 2476 1905 3564 3063 8276 5036 3227 3869 1946 6568 5382 4371 5376 1991 5062 8088 7119 1122 7761 4123 3132 5483 1689 1837 1510 7292 5216 5847 8918 3461 2356 1283 8303 9679 7939 6307 2149 5583 2964 8028 2288 8957 9142 6685 9385 5942 7932 7428 7853 1085 4445 2330 
107 9299 2123 864 1919 3925 4163 9265 244 9046 3838 2082 1745 4134 8910 1862 1295 5108 6359 1273 2758 2152 4601 9688 9254 207 6897 4857 5394 1088 8295 3964 8140 7327 3195 4520 1173 920 722 6497 1172 7994 1324 3017 8094 4150 5871 972 1922 8290 1338 5938 6860 6914 8503 5147 8726 9736 9077 6481 47 6391 1341 3721 5683 1650 234 6548 2444 136 2349 1077 8227 2474 7275 7234 2882 3059 8743 7934 1401 745 1182 4721 5478 5557 6721 1560 9955 211 7029 9070 2064 8454 6087 4237 7856 6825 2685 5502 8167 7755 6376 5239 7343 1574 5952 9417 
102 9953 5126 7967 1661 8717 9614 7732 9944 4097 3597 2704 1161 2384 8422 1986 8297 2633 9115 85 1359 8815 2138 7517 4749 6131 2777 6320 4360 4759 7247 707 6834 1108 2988 573 2078 6491 6887 4022 458 1890 7578 3018 6740 4873 3937 7558 3303 1768 2521 7938 2845 525 4791 9109 4710 8733 2323 5204 760 5255 7290 2408 856 6389 8583 4792 6139 917 9515 8404 2192 845 1892 8482 1377 8239 365 5010 673 8228 64 7537 1961 5473 9773 8368 6208 7711 5056 4620 1046 6400 8954 5578 9191 4028 7377 9490 3481 318 3666 
101 370 6755 2818 8444 1127 5258 3981 2620 9367 6454 4566 20 5090 2736 9668 6340 4165 7718 3566 9126 631 1606 7380 1209 2956 3665 2189 4013 74 2694 7720 1524 5175 8129 9693 3917 9544 7384 2721 3106 2690 7346 7527 5646 9764 3464 3814 1445 3197 7789 735 8142 5487 4176 6357 5459 1566 6362 6912 6457 6329 5705 4579 9489 8323 4644 9954 8112 2748 5041 6291 5039 4257 2500 7638 9783 5762 2460 8670 1621 1607 6701 8450 3755 2206 5339 356 1261 577 3439 8633 5619 3973 4313 90 2044 7741 300 6381 8172 7125 
103 1384 7445 5197 7418 4772 9538 7656 1850 2767 4483 3496 8031 5499 862 9546 3802 1687 7829 513 8016 7624 7023 1897 3343 7038 3528 3539 3433 6243 4896 9630 2977 2183 6781 2254 3360 5520 2015 5891 309 5751 5768 922 1255 3942 8374 9888 9593 9666 4455 4151 5639 3558 3493 4491 7685 7614 9856 8113 8309 5091 5132 706 199 4564 8137 9431 1281 5015 7594 2692 9896 6179 7563 4869 1056 8848 4945 1598 8065 3456 6283 2713 3961 9050 6714 4139 5779 6763 8321 1440 189 158 3368 5510 6573 1278 2166 4460 8863 8316 5652 6867 
97 3102 1027 807 6103 6545 3276 502 1269 9825 2224 58 8229 3412 1055 7950 4422 7827 5939 5954 3224 2798 1725 9116 7535 4746 5323 3789 873 4718 1435 7490 3601 2674 2148 1973 6265 2284 5515 5748 6473 6218 5070 7991 7116 4364 2399 2 8266 9016 2235 2941 1386 3301 8470 4739 5152 3694 97 7059 7513 9350 2475 9977 2875 6627 6974 8270 4742 4959 6253 8855 4329 2187 2066 8459 7975 3123 3867 3097 2556 2301 8558 9949 5160 3707 8216 3730 434 6750 7032 2549 1833 8460 7542 8134 3358 2406 
97 4733 6244 8548 9706 8347 6129 2409 5576 5967 8164 1728 7278 3319 6667 2789 5334 5465 7318 9244 5115 387 5309 4725 7669 6348 2168 8613 8231 4605 6091 4861 7682 4246 1474 9570 716 5412 1751 8846 7605 588 4833 3639 8709 3486 6628 5315 8245 988 968 8 1956 9175 9981 2167 3927 1778 2032 3004 4817 4000 1898 358 1682 966 3494 541 4872 190 9211 4489 350 7317 507 812 6366 6095 6748 7076 7659 52 1264 7730 898 2385 4538 9397 132 9550 7648 858 9591 9832 1712 2230 2833 4209 
96 7481 6082 771 126 4836 4674 1543 3705 8072 4452 6233 9695 1422 4708 1035 3463 55 410 5513 5924 6496 7268 3586 5906 6824 8763 7898 5312 1659 3220 7110 9236 2200 2665 7907 297 8146 2437 6542 6544 8242 6680 5988 982 8215 8992 8535 7520 7286 4307 2971 2154 4706 5858 1713 8282 4218 1739 674 3540 4142 5872 9378 749 8381 4017 4315 2213 195 6765 3164 5102 5284 7113 5658 4388 135 1685 808 7016 8029 5453 4671 2908 9902 1527 5994 7365 9455 5565 4269 8601 6670 9652 5493 6122 
97 2922 7074 5626 6480 1432 9277 7216 4290 2871 3348 7237 2171 5326 5694 2410 3302 8022 5135 4622 7400 2232 6906 1876 1819 2054 1076 1610 851 4342 1100 7501 6987 3779 3010 9853 4921 2757 9987 4270 4192 9791 6007 7364 8619 1488 2014 568 9390 4117 6872 8334 4019 91 4946 9472 2363 6584 7090 2668 326 5657 1333 5687 7320 5828 9343 6706 2126 1825 5546 5454 6962 1990 4508 9422 5730 791 3034 4130 6371 7210 8324 3975 142 1797 8989 1355 4260 6766 1306 9185 389 8557 479 3868 9823 37 
102 2636 4453 2343 4394 8636 7144 2898 1428 3000 7305 639 3898 1421 3082 8114 1416 4263 9243 8913 6066 2374 8107 5823 1582 310 1930 9939 5746 7941 5306 6726 3777 4900 6597 5958 7063 4350 2378 4827 6434 1131 7929 2195 5980 1270 3418 902 7171 2693 7218 1509 2024 1322 7580 6660 3474 578 9723 8706 8708 2904 4032 941 1875 4990 4907 2869 3950 4573 8302 9238 9739 3454 6528 8575 2086 4208 5587 8731 9639 4024 3976 8816 6973 1305 9506 488 4061 3801 3575 7212 2092 4953 4043 3324 6383 2127 7103 977 5185 7169 3782 
101 6896 4832 947 4884 3589 6065 5479 1020 3657 5080 494 4943 8520 3818 9087 3985 9384 2089 1893 2491 6827 1554 2923 1458 9321 1658 8350 511 1482 2477 2974 3383 5086 7935 6463 1491 9988 6636 501 4106 7416 6500 401 7053 7832 8388 5869 7155 5760 3849 4814 813 2854 443 3629 9975 5937 2047 9989 9161 6869 7281 6676 9857 2242 8463 5215 5879 6817 208 2204 1126 4239 9708 7626 1731 6044 4197 9569 6172 9933 4116 6042 1643 8317 560 1061 7608 3819 4210 1361 9445 1815 7668 878 2367 1720 7958 2416 7803 8758 
110 7035 124 4457 5337 1909 4195 8038 4984 894 9700 1727 860 4121 9316 1016 5745 7393 2281 2581 5976 1348 466 6964 4673 3200 2468 7765 394 5701 4810 8226 7460 9842 1845 6722 444 9962 7957 1812 5345 5435 4488 9698 139 3714 9513 3295 371 9657 5606 3168 8561 4807 6596 3444 2119 2391 3840 5350 3344 5441 9199 1073 1772 25 1019 698 2782 1811 6059 5600 4067 205 1861 384 1951 1874 407 5551 3154 9303 2419 1947 646 8393 8428 9342 6196 8183 6062 9587 8269 7339 5866 5253 1604 7139 8178 8736 4025 7553 3051 495 3466 6128 415 7263 9357 8332 1717 
101 38 6158 6512 4589 8083 8997 7052 2049 4185 5680 6958 343 5848 7172 6242 7980 8285 1423 6840 3083 6936 7385 6229 3312 8483 7674 5150 484 2781 8155 905 3314 4447 730 547 2596 6981 6475 8136 585 6417 5777 2201 6466 959 5702 1330 5107 4849 1292 3476 7220 3525 2742 9881 3857 8423 9353 6898 4372 7876 9155 2536 5564 5257 7921 804 6581 2983 5528 9604 282 6888 7760 3279 6527 8206 2130 5977 1589 831 5169 15 7050 7475 1824 4273 1622 2755 4751 8752 7176 2351 2282 9557 3944 5945 8656 9477 1931 323 
100 8053 8658 1068 1104 4709 9293 3603 5955 7544 9251 3281 7030 1262 3647 3065 2347 4020 9759 1684 1808 9965 3365 7421 6078 2618 4312 7376 7610 6662 1968 119 4474 4734 2029 115 5712 1135 5162 8357 3690 8988 3711 8021 1966 4278 1397 6734 368 4788 8494 8753 7717 1573 725 6998 2415 1090 3870 7458 8947 2387 1708 4261 2268 4888 224 7547 9926 545 5428 8591 9150 8705 6752 8677 4514 3520 1442 7696 2182 742 6728 8772 9927 3570 9284 2987 1375 2121 5302 1662 27 7914 9275 4912 5911 2074 1166 5047 16 
97 1158 7895 5668 9232 8096 6994 1996 2453 6849 5279 5537 8399 8544 5196 5733 9400 2684 4369 6377 6302 8695 2293 896 8903 3645 7058 2622 8993 3511 7999 2887 1889 1214 1058 5381 7759 5203 3426 9023 3731 8207 4561 1583 3394 7882 2113 8168 836 2607 2653 6710 1829 5494 1939 5277 2586 8121 4688 590 5671 7886 8209 9978 7126 5927 928 6522 1069 2504 5400 1995 1175 8122 967 2056 8791 7525 7107 3588 1988 1480 4890 6489 5553 528 9562 4267 6382 5018 3209 7587 5395 6001 5480 1130 8010 1544 
96 9107 701 5218 5410 9237 1394 970 4664 8509 1094 2493 8881 8999 226 8091 5151 5069 4824 4989 4690 6797 2577 2025 899 6566 430 8892 764 9575 6390 5914 9780 5399 9235 832 4137 7767 6530 4819 3595 2248 7662 3746 1393 3800 7140 9036 3441 470 1821 3270 7599 8821 49 5138 2883 8699 490 1095 4436 5862 4203 1274 4705 9446 5068 4045 9892 6693 5130 633 2542 404 6938 7822 2139 4277 2541 36 740 6406 1714 5920 2388 6169 3718 4317 5363 4080 5722 75 7683 6256 118 4286 8225 
98 147 1561 6211 3156 2048 6895 4830 3521 5579 4936 287 7277 6067 4059 1977 9555 7098 7597 8768 272 5327 3768 552 3487 4592 4065 6775 8991 2702 1116 557 1205 5105 675 7080 141 9616 2009 1795 4956 8218 584 7464 1230 398 3423 8402 24 5101 4662 9617 2440 1417 7657 5301 5816 949 2513 8248 68 8588 1992 8625 6356 7025 2038 8788 8118 2666 5783 6609 7033 874 6448 5408 6507 892 1613 4056 4678 5542 5325 8696 2280 8390 5555 2562 1368 7246 2202 4101 9440 5384 4754 1346 1390 5991 9859 
101 9274 7801 5476 9796 5781 7015 1473 2599 7296 1339 5470 7510 5886 553 1103 2939 4844 4091 5498 9691 6468 9768 3612 2136 5481 53 4418 6604 5718 9003 7512 8852 7479 7839 1141 3175 7942 9294 8799 9486 437 3737 9625 7124 8467 9166 9648 9584 8790 7238 7600 166 5512 7010 5082 5043 4593 7804 647 1556 9713 5856 9013 6163 256 3294 1617 753 6851 7727 688 9368 7690 4845 9473 4704 2834 4928 9164 8217 4660 5213 6504 2151 6903 4365 3122 2813 6035 8382 4510 8490 5535 8568 9727 3174 7871 4963 6072 1675 5504 
103 9421 4385 1318 4108 1642 8446 2299 1138 4805 1569 3042 9802 499 989 426 2395 4186 8336 3600 8186 4738 2910 5167 9533 6777 2711 3756 172 5996 4750 4247 8877 9125 6842 5198 6778 7883 1176 7262 396 6133 3684 2194 5223 6996 6635 8166 7265 2072 169 2382 3751 9470 4901 6924 8501 3114 4681 6891 1400 7778 3396 3225 840 1203 2609 2353 8908 8608 7412 4813 5329 2554 5861 942 3628 2676 5946 5437 6116 937 7188 9548 1630 7548 506 2445 6347 2423 3044 6282 2961 4743 5129 5397 3170 7190 5290 9212 3674 4071 204 5807 
91 9190 7323 4534 9131 3839 1167 5338 2326 4994 103 8643 4895 8078 7352 1599 8389 1949 468 6298 8688 7302 6720 7394 4334 4047 3056 3555 8943 3019 5415 798 5474 5398 5447 6971 5695 8804 4716 8841 8367 6325 5621 1356 7034 1601 4906 9704 8271 46 6029 5110 2860 4840 8011 9561 9217 3355 1317 4954 1941 2320 6476 7639 5134 8671 642 5531 163 4352 472 7047 5940 3338 1984 6401 1412 6185 4303 9631 2366 3400 1506 412 1525 3620 6580 3741 9402 6031 7838 9032 
99 7795 3100 5445 762 4178 713 7419 6966 9451 4713 7157 7637 794 4431 1351 8956 9072 4684 4132 7066 1902 973 1664 4333 8017 1520 5916 1666 4099 687 5820 1700 815 9734 3989 4285 1431 9841 4586 5425 6099 801 4937 9858 6907 9282 1640 9252 473 522 8554 5778 6949 535 6313 5966 5210 1157 4722 4516 772 6387 4253 6771 39 1800 9694 2900 7288 8937 602 9726 63 138 5368 2993 510 1545 337 610 5427 5434 7022 7109 2965 5622 1340 8187 307 4687 366 6134 8502 6616 3843 4542 8761 8538 7865 
105 5821 2080 3532 7406 3919 8364 3518 6146 3212 8801 1516 4160 4866 6332 691 5788 8765 5936 6000 3321 1790 4567 1252 2551 2013 9359 6514 6853 3573 1838 6385 8262 2312 4632 2639 1328 1716 3431 5678 6917 904 4049 5387 7214 3142 249 9907 4865 2986 2211 9143 17 6818 1323 6889 6674 7653 1183 6880 9601 8904 1567 2561 2570 8597 9474 8232 8223 9887 3370 3846 5085 9100 3699 4574 1532 2157 3775 7489 2804 7072 8748 7272 2703 4740 431 7291 2645 645 5644 8870 9626 9998 5928 3405 9049 4221 6 4323 3325 5721 6787 4878 4112 7274 
107 9934 4815 1293 7866 3086 7443 1634 2369 6547 6757 9138 6056 2519 5503 819 5948 2769 5623 2131 2331 5373 834 576 7141 2517 6272 8990 6539 1723 783 2588 433 8035 6612 2682 7581 1418 5075 6023 3574 170 8818 2952 5371 7130 6427 9686 9401 5824 7835 2890 9017 4914 6928 9289 5055 6991 1562 2212 3410 2808 6439 9681 6424 3390 6729 2930 9733 2249 432 4806 8056 7920 9800 1406 9437 467 8858 5773 9269 604 7649 2861 5898 3320 5719 2473 9976 5667 1851 7604 666 3025 7391 2819 2606 7650 7192 5019 7686 5369 8638 8679 8002 9772 924 3549 
95 6995 1054 6856 6731 4998 220 2669 2732 986 8885 8123 3732 8744 3378 9848 9649 7415 1657 8922 4897 9680 4345 9227 3785 87 1022 3689 8195 4862 4318 758 7371 1750 9139 8665 7338 7096 4778 1092 2220 8400 4630 3427 5360 5383 9504 3366 2461 4966 9537 4200 5456 2046 4575 3884 4146 3833 4018 9572 3524 5316 623 5475 1405 5044 3267 627 1644 7646 1916 8014 516 4170 1637 2863 2768 6322 7661 9651 4581 2545 6586 1969 9331 5918 3759 5571 5436 7111 1841 3207 6816 6498 1549 9541 
103 7692 8081 998 8732 3038 7337 2816 359 9671 2963 8015 4014 5278 1443 5885 5432 8175 9386 6260 4374 9605 9355 3374 4582 7437 3495 5431 145 1967 8901 101 3430 5094 6511 3077 619 2889 3983 2597 2814 1187 2805 2696 7992 628 8902 2663 7046 6142 5022 5809 2677 6333 6040 125 5956 7054 4125 1038 6071 1354 3886 5310 7826 1586 7200 5786 7764 4602 7926 6808 2143 1097 6703 332 9423 9565 3480 452 4818 379 7572 9047 615 1654 8431 5830 1793 8745 1145 4703 8623 4050 9621 4256 9844 2100 293 2321 7945 2877 2997 846 
100 1448 2550 5985 519 6786 2022 3660 2735 5812 2178 5950 2057 9479 6992 6237 4477 73 5418 6053 7586 1277 8434 5142 5944 9011 9174 5362 8840 7386 1894 8037 8314 1225 9619 8707 2142 2848 9249 7887 8675 936 5017 3345 2059 6965 8615 9712 3308 3559 45 105 7904 4979 3475 827 9867 8792 6028 2726 2490 6847 7850 184 6009 9505 4764 5200 7062 3673 8049 6171 5014 1921 438 8817 9665 8719 4254 5951 8278 7514 6744 3958 6043 1250 5591 4868 8517 1530 9549 3786 683 544 9598 9170 8360 4629 4361 3253 7861 
98 8655 7749 6191 5666 3784 2796 4425 2250 5178 9228 594 880 6438 2081 8697 2247 7137 4420 8899 5593 5243 2429 5893 8291 6884 9459 9836 8562 5707 8238 382 4577 5971 643 7228 6767 901 1926 6921 2567 6183 1975 56 4529 8584 7955 6643 1493 5261 3095 5328 4877 6255 4587 6637 7184 1971 2712 1150 1007 7175 8674 8079 2221 3841 2815 4051 1809 6321 4493 6499 8369 2079 5533 6913 3216 1034 3079 7592 1563 9151 2724 8556 2233 3152 848 1580 5767 6776 2718 3046 429 4967 4773 9729 9845 9829 3339 
110 4551 1864 2358 7552 1758 9916 6909 5251 7750 5027 7048 5526 571 9012 5541 1551 5005 5659 8365 5304 6977 8998 4148 2084 8244 8963 757 1817 1202 9803 9512 6779 3061 1147 5375 9418 4233 4555 9295 9441 2433 2298 2994 7463 8313 4410 2772 8514 1878 2472 8298 1830 3096 5392 5708 6271 8781 388 4569 4120 1329 8427 4714 7561 1970 4926 7860 3081 9349 5367 4376 8441 9038 4378 1028 5851 1595 7429 993 1336 6225 5552 9095 2184 9755 9719 6712 8188 9898 8396 7459 1301 7794 9272 3111 4174 638 8330 2761 4757 3317 8071 1519 6464 3548 4820 6559 6529 2895 4585 
103 7533 4359 9413 7266 3353 5780 3708 8378 5715 6850 1433 7705 7118 6484 4094 306 3328 8519 4528 9993 2088 1933 6219 1814 5757 6599 8951 7005 3907 5206 9425 9634 9589 5088 1006 8259 1064 6770 2608 7867 6862 518 1171 2846 3297 7120 9152 5742 9202 3678 882 4077 4348 3064 6848 2447 8771 6669 9882 3361 5706 9742 8471 5183 3184 1759 2094 8740 7576 3386 7857 7747 7757 2266 1014 1592 7065 5332 5346 5641 1160 5247 5664 342 6375 7149 8777 62 7123 7531 5214 3078 7399 2346 4800 6261 9660 1965 445 2585 4623 8637 6342 
101 3701 2572 8491 5113 378 4976 1067 3141 1502 8684 6398 255 1476 8511 380 2373 9797 5307 7905 1762 2102 1118 3916 7833 2571 8258 5269 5569 9532 5874 8880 6803 8889 6437 4300 8233 664 7595 1201 9873 1052 987 461 9922 6034 360 6090 4478 7230 8310 7621 4262 7811 2654 1706 1777 3766 3504 4016 3002 5163 8793 1087 4507 679 9285 9442 5614 5052 4506 3255 9779 2945 7897 2435 5817 4753 6016 8093 5574 311 8723 8281 5608 1680 9839 1885 8484 7577 1212 151 9169 6585 6156 6866 5020 1163 5897 7987 2812 529 
89 5230 6038 9206 7536 271 9415 957 6308 3330 7204 8032 1152 2190 5543 6279 3972 931 7148 2482 4683 8020 9233 8833 2439 2979 6986 6984 1980 9450 2553 9950 7677 4250 7242 9705 8108 626 2487 7524 6968 5234 7844 1467 4637 9929 8050 4002 595 174 6638 965 3392 1325 5836 2033 9369 5841 8875 660 4167 1581 1483 6700 8734 7426 5508 400 5186 7179 5190 6234 4875 5217 3602 7948 1822 8001 2008 4891 3340 6625 7222 9840 8279 9380 9883 9774 5146 3133 
96 3311 8176 6337 8725 8009 7709 450 5868 2203 1099 6467 7722 7417 868 6945 2725 1557 7225 6564 6626 1884 5343 7928 8916 3440 2925 9715 1165 1408 171 925 999 427 2290 1155 9471 5972 447 8835 5192 4882 8628 7678 23 9426 2463 7498 2913 8871 33 9146 2673 7555 847 2324 770 95 8267 2438 7374 216 2635 9522 252 2039 7227 8876 160 2832 919 9240 9067 9510 5240 8264 8784 3198 28 254 8940 9075 7676 3872 6983 2982 7104 6955 8362 569 324 7284 8616 661 9635 406 7589 
101 6826 6920 7196 9908 7812 196 8650 2305 8666 7699 1832 6429 7382 1358 5743 3659 5335 7359 7206 5690 7736 2283 8862 7012 2108 7000 7150 4744 3772 1548 3382 4419 1110 5009 8042 6198 8973 7260 8147 935 3594 3497 7746 2431 9379 7132 7770 9756 3291 1427 7089 6292 7026 719 3084 532 7808 8760 9080 4596 6753 328 7017 7164 1004 9970 8498 288 5855 6863 5225 3668 8305 471 7554 6470 6654 2129 3821 3189 3070 3053 31 9745 6645 2344 9261 726 7590 3978 8294 5354 5361 6192 4102 1243 3939 6589 449 6336 1215 
104 6664 8888 9528 6671 2613 1254 3931 9276 1827 6831 5031 8660 1981 4982 9545 4190 8605 7001 2177 4682 4341 4758 2582 9609 8866 3582 2699 8152 1631 5815 7632 4147 9529 4643 1470 7901 5049 375 2872 9497 2371 6595 9520 2992 9406 799 8928 7397 659 3837 9008 9846 13 7985 4029 3074 1985 5378 9920 8205 6516 6751 6772 8043 4033 6268 8308 9187 8935 1882 4924 9099 7134 6431 3809 4748 5516 2512 991 4423 8970 8489 1314 3920 493 6521 857 3606 1958 4036 9928 9026 1732 9919 1976 7311 1923 5127 2006 6972 6409 9526 3031 3670 
100 692 6960 853 6130 665 1309 6251 1369 3530 6634 345 6459 2753 1465 3535 9501 295 8838 6257 2783 4618 1577 9669 5775 9337 2652 6810 1033 2795 3997 6047 5207 2731 8456 1752 5035 3316 8631 8757 5631 4113 8911 2418 3157 3293 5859 9814 9044 1439 6170 7665 9638 50 558 376 9894 299 1693 9218 2085 8927 3847 4606 1221 296 2642 8531 8965 7079 4503 5271 4390 786 6608 9447 8754 8174 3231 3146 2966 3035 954 4249 1206 2380 1740 5892 4149 5981 2012 2625 1271 7777 6055 6857 2495 3104 7996 2779 6549 
105 1345 1194 381 3998 4932 8345 9650 7800 9807 4416 4297 259 3808 5899 9118 712 3193 2239 8462 2140 7977 4444 3375 9061 1279 6747 8798 322 4205 5374 4543 5774 4243 580 5057 4557 6460 8887 5161 3607 3158 6785 3186 8236 8912 71 1239 564 1786 5087 6328 9576 4292 8985 6575 9392 2141 4694 4245 3043 1128 6975 3395 8664 1721 3101 3421 7131 9308 5713 32 313 5424 9743 7197 9066 7613 7670 6486 2547 8938 850 6447 3643 4850 6205 9241 1472 603 2697 4248 5172 3829 2238 8779 3717 9721 1619 9766 953 4729 2019 9972 2662 3967 
100 4412 8687 3171 4584 9717 2634 2683 185 9979 9738 5704 9260 8574 910 1787 4201 2075 2503 217 9404 2494 6652 9571 7754 1858 909 7910 1537 1807 2265 6864 5863 8917 5691 374 5241 3909 7095 7500 2055 3085 9771 2706 2756 2471 3030 4175 9588 2396 4082 3914 5260 2236 825 5883 5741 1272 2436 44 6132 4073 7307 9653 7726 7947 279 4934 1507 6008 4068 6933 678 9973 3627 9893 536 9434 7631 8750 3918 6598 4087 2319 8930 6632 9747 7712 2161 9377 6546 8977 1539 5455 9467 4346 8306 8828 803 3058 520 
97 7499 7511 9314 3247 9073 8869 4354 4427 6037 6732 5377 3845 6802 3999 8185 6587 6250 4039 6656 1276 3728 1895 3477 3923 9945 1153 3580 3687 4124 3692 1962 4920 9644 7146 423 5116 4774 2969 3235 3604 8304 7702 7643 4046 1229 4451 6943 7634 5308 9000 8516 439 3266 6227 4544 8813 9991 5372 476 8086 6590 2412 597 1304 6640 5050 5656 203 6603 6015 3413 5761 3667 5098 8257 4409 2262 9436 4941 3424 4521 6663 8397 1364 4599 2800 7559 9069 4069 1964 81 6318 598 8847 4720 7562 695 
103 5063 3241 9805 4957 5140 6412 7959 3739 4646 9830 2464 7633 4781 5402 9795 4523 1593 5137 2348 4007 4638 6754 5965 7313 2485 2095 7823 8975 2286 1280 3882 7198 4698 2894 212 4925 4216 3126 7507 4839 114 2449 9924 4760 4780 7330 7367 6668 5682 2612 1972 1297 6839 985 6402 3223 7121 2427 9159 7221 8756 709 893 8184 9117 7819 7194 2710 4414 492 8673 9499 6503 7640 7407 3446 1321 8392 4972 5236 3429 1900 7186 9020 2727 9754 6655 6878 918 6148 5852 6140 9054 8747 3881 7102 5336 6397 6688 5525 3823 4647 5025 
101 5199 3206 1674 3488 2548 2227 5548 8361 2297 5266 5205 5592 9811 9559 500 4164 7427 3080 9612 7199 7878 5905 4723 5607 9912 6367 7073 110 5581 6226 1696 7009 2902 4406 8190 6248 9205 1942 65 1353 8941 6319 3163 7845 3256 8823 1286 9815 8782 9735 8692 3277 6388 5314 3770 221 2675 6126 2027 1571 6262 3452 7763 4553 7875 8430 1624 181 8599 5832 775 3313 5143 2120 9582 9801 3115 7224 4995 6433 2160 8905 6641 373 3622 8573 4955 1347 5191 2700 9862 9744 3951 6651 4172 3609 755 2564 5106 1920 1053 
102 7505 1383 2714 8287 6289 1241 316 934 6665 1066 6380 2117 7888 5033 2648 4138 8106 4944 3026 4812 7136 6782 1186 6868 5482 2420 4306 2802 4459 3072 3615 1119 84 876 7341 3633 9682 608 3726 6879 9509 9577 9567 6513 238 3902 5681 838 4546 7075 1998 6421 215 8737 6386 9672 59 5896 5409 3484 9999 9048 5222 4448 676 1051 5379 5594 6543 7470 2996 1608 2205 4316 8571 8942 930 9182 3447 140 2452 6217 3326 4058 5460 3455 312 751 1505 7915 477 1729 1638 7813 7488 5536 906 4336 5184 9197 2446 8179 
103 202 7181 187 1669 2165 796 9319 3611 7952 6193 7679 1578 8518 240 9931 8007 870 1267 5735 6471 121 9627 6886 1121 3458 2020 8412 5720 4501 4935 3677 7457 5264 7231 1886 3900 1521 6049 4228 7398 4054 8436 9997 5655 2271 243 6204 1775 912 2557 7040 7473 9606 4465 6230 1389 4942 4305 263 6270 4229 7067 283 6902 1453 6650 1989 648 4462 1081 6068 4122 3391 4227 3178 8077 5021 6335 8661 8581 5750 3202 7809 8724 4842 3015 3453 9153 504 8173 123 1773 4663 3827 4838 3977 35 3993 2958 9678 446 7762 5194 
97 1247 3727 4554 1030 6639 8966 7021 8082 6624 2951 2944 3011 2855 9578 6756 6684 9134 414 2196 383 2821 3957 2310 8895 3747 3696 5097 6711 9963 2651 6883 8764 7858 3725 8198 717 4415 8486 3068 3788 3003 2646 285 9664 3434 7372 5604 6446 9918 2569 752 1452 4446 7122 9458 7036 156 1 5647 5989 4387 8762 4793 3934 4562 9097 5231 1540 566 1380 6915 724 3021 2478 689 8540 6916 5930 5237 1763 5697 5804 8405 8177 5700 7802 4258 3529 714 7840 4631 8261 3013 3928 486 2458 1217 
97 5895 1767 1603 531 8254 5293 9961 3669 9325 3748 8649 1835 7280 1570 1395 5219 4669 3896 3820 333 1204 9812 6052 8530 3862 2037 9414 2605 2480 3292 891 5822 1859 9335 5077 8260 4730 5902 3181 7060 5317 1605 9408 1804 8582 990 420 6051 7852 2329 8521 2071 1647 3761 2469 4829 4127 7738 2830 2026 4078 2295 7156 8120 1803 8447 9551 3811 8320 7368 8827 6441 8995 1938 2975 1710 2223 3047 8854 8180 5915 6088 8070 9176 6736 5726 1332 4340 3151 4699 2924 6829 8359 9539 7851 3024 9157 
101 2563 8067 1139 8857 3695 1136 6871 6306 5838 5208 4977 6852 3371 1481 4279 4183 7289 2210 5144 9021 8721 4321 8410 1707 671 4519 9677 5550 1757 5877 9424 150 6113 7769 5689 1536 1736 2502 8547 3469 7361 5485 8722 4098 1840 6969 7411 5133 2392 6956 723 1308 4062 5929 655 4886 7349 5903 9173 1363 7751 630 8477 7549 9287 9286 5997 6953 1558 6934 7798 5561 4938 2226 2841 9257 7817 9722 8741 9676 505 1415 8453 8814 9224 3515 5099 9822 7314 5963 6592 6697 2776 7434 9461 9207 4541 3380 8980 3996 7152 
108 3856 5351 6737 2915 7182 9189 2602 826 6327 833 8087 8542 1148 6416 1734 3118 1780 2001 5539 5612 9280 5796 4023 8994 3107 1761 4898 4086 9488 4755 5319 3675 5341 6238 3560 8806 2063 294 2573 8420 5522 4527 3733 7497 4238 9757 3362 4535 6440 2296 9637 6086 6715 9753 7453 4072 8611 1620 1238 8614 8084 4230 6686 8789 2158 6159 6344 6341 621 9326 164 157 3001 5030 7689 7298 6999 4386 9781 1226 612 4240 1249 656 2179 9850 4044 7993 7684 3417 685 1374 5416 8457 9886 7982 8632 9403 2150 1257 5894 4486 6011 7350 3052 3415 3826 8971 
94 7615 7842 1918 4747 7816 6013 6050 6745 9876 354 4437 6535 2825 7622 5357 8825 6653 4540 5040 6456 6477 5540 5176 9085 3783 3443 448 3208 1979 2885 3120 7209 6619 7084 2514 8652 4498 650 6759 8325 4834 9094 8409 7440 4440 301 7211 1312 1196 9268 440 8048 2733 6374 6275 351 8890 3836 289 1265 7551 7573 4633 5285 152 3591 6215 7088 3531 1823 7483 555 9039 6925 2600 1994 9145 1915 8153 21 3646 8640 509 1834 8433 9219 1331 239 7609 399 214 3632 487 4552 
