10 2735 7455 6756 1102 3896 8749 2918 6005 302 5399 
9 6689 3333 1002 3750 9136 815 3350 3349 7011 
10 3090 3579 2305 708 7267 129 1388 3389 9301 4886 
9 1209 4873 6168 8085 4006 6588 4380 3576 3535 
10 6466 9090 8040 6446 2919 7508 518 1486 6792 8279 
11 5018 1609 4815 1175 5764 8624 7098 4674 6723 4077 1726 
7 9313 8029 1655 241 23 3519 3207 
7 2519 3708 2769 1702 8498 8015 3965 
9 549 3049 6741 8940 5835 6363 262 4412 2138 
11 4525 3651 8338 1281 1458 7305 2960 5793 4961 9434 5035 
11 5934 1194 8784 9477 4802 3406 1711 3711 5325 1173 1562 
9 4679 3119 8187 4871 6578 4262 7841 1086 1120 
8 88 696 7319 9252 2533 4178 1080 8337 
10 7109 608 5627 4664 3610 8165 2001 4180 9747 764 
10 2465 6794 442 415 2558 3256 7578 3456 49 3860 
8 7957 5991 313 118 1073 3006 7487 8606 
9 519 5615 3461 1884 4638 4092 6935 6701 790 
10 4309 4877 9666 5674 5451 3689 1989 7027 4474 7039 
9 5970 8227 5352 8637 6674 4632 8358 2064 729 
9 5324 658 6012 2591 7153 5330 7170 1244 7586 
8 719 208 5799 3230 5492 3109 6065 1602 
8 606 7287 9705 8094 7392 7798 7332 2298 
11 423 1323 8902 4938 4441 1417 283 2834 4526 5454 1398 
10 1776 2297 1474 5632 8284 2584 5936 269 6761 5988 
9 6031 150 6270 1643 2063 1519 2199 1144 6242 
8 187 1384 6155 1240 4749 4301 8572 7688 
10 6663 8783 5307 7867 286 6389 8565 4952 8166 7185 
8 1066 1883 6245 1381 3828 7089 3835 6229 
9 9504 3430 1550 369 2125 7584 5752 7051 7784 
8 2581 8978 9696 1745 6103 1027 7983 9176 
8 5335 6502 7648 5371 9708 9315 2823 6569 
11 8175 7140 4196 9130 3393 1531 7402 2567 2010 3792 5666 
11 1560 7186 8449 5917 9972 2565 6926 7076 1895 8451 3698 
9 4758 2233 5771 2245 3326 6036 1622 6611 3265 
11 3817 8149 8573 3057 6426 1275 9664 9088 7559 781 8949 
7 3580 7810 7196 872 9725 410 9876 
9 6252 6296 5732 5017 4074 495 1187 7821 7943 
10 1273 7889 9628 7034 9028 5314 7875 2028 8409 3712 
10 7499 8484 5089 3414 5031 6495 9958 8777 4189 7093 
10 1867 2738 6206 4088 646 4019 1982 7970 3180 9259 
10 7965 9405 4661 1491 3867 5104 6309 6049 4859 7450 
10 6822 19 6159 5156 2115 1876 914 7128 7059 6124 
11 2432 7687 1674 1729 1746 2804 3399 7590 5354 7863 1552 
10 7070 5387 2539 4245 3477 7900 6542 1423 7426 5202 
8 1178 3338 7010 320 6855 798 4728 6073 
10 3055 8489 9316 3319 1415 8212 4067 2687 4956 5254 
9 4742 7198 9144 1725 6696 4368 4960 6355 3543 
9 8890 6189 3773 4558 1352 9566 3494 6090 3922 
12 6002 2603 9869 4481 3247 6743 6763 6671 6300 9404 3819 5404 
10 8773 4867 199 552 2910 8693 9571 5747 925 900 
9 8292 1860 4830 7494 2220 7006 8971 9414 107 
10 672 6529 4673 9610 8984 3761 801 2800 1526 1825 
10 7475 1228 9320 6261 4862 9607 4915 8522 1213 7527 
11 8477 2589 5710 8747 9889 7806 9862 1238 850 8923 4790 
9 5235 1605 7255 66 9288 614 5383 1754 9792 
8 6277 3147 8272 928 3908 721 2372 9013 
10 2720 8458 3779 2825 6279 7296 8544 2953 188 5029 
11 9409 4959 4050 4063 4564 7796 6171 2484 7878 2308 2509 
10 2920 5213 1564 3453 4872 9006 7497 3769 148 3111 
9 4094 8965 6173 9570 7205 9055 8732 3705 7713 
9 3629 8376 4064 9576 5481 9193 9455 5044 3480 
9 677 3358 7092 106 6810 3337 5800 3243 431 
10 3607 7612 2904 2304 1197 2837 9865 6084 4570 9849 
11 9679 1838 2957 6034 1937 586 1283 6608 9032 4735 616 
10 1097 477 5517 4656 4327 7627 9748 745 4324 5961 
9 9752 3596 5507 5036 1299 6085 5512 54 5661 
10 6670 1170 9805 3789 8257 4212 2215 8365 756 9146 
10 1757 1406 8198 9190 7516 3115 6447 6037 7144 5647 
9 5440 6123 8309 8955 7532 4114 2517 2822 5855 
7 9514 3640 2605 5426 9324 6281 9530 
7 2571 6745 9872 4756 9785 7760 5048 
9 563 8973 4433 1960 964 5327 9145 5596 6626 
11 6381 9935 9944 39 1907 3141 2700 7925 5791 7814 1898 
9 9003 3236 720 2119 793 1597 8399 6760 1191 
9 3549 8262 7580 9761 2043 7288 8885 5515 7281 
10 4601 6404 6410 8110 2386 2137 9616 5412 4275 4983 
9 7657 7711 5425 330 5001 6513 4748 1542 5474 
8 2015 7557 772 7221 6970 7923 9803 3536 
10 8708 3951 9769 4007 4939 9237 7063 3944 5942 9296 
10 5860 3575 1723 81 5133 4251 1375 2853 3571 4732 
9 8758 7631 4137 5241 7081 9780 6072 8411 7820 
10 9847 3918 8346 9179 7971 8545 8778 5784 6390 8091 
7 2883 1984 7312 2706 1934 1572 923 
9 5445 9864 4704 1016 4340 9350 4373 8006 6840 
8 9976 4781 5562 8815 3763 7979 5130 2322 
10 4078 9166 2626 8173 3469 2506 4572 8114 2454 7950 
9 8310 4428 7446 1686 2693 1668 7753 738 962 
7 6916 7108 8780 8721 6131 9174 9467 
9 4008 3826 2382 2979 6930 7132 1853 8124 2540 
9 9888 789 7347 5864 2524 4427 7980 7350 7335 
10 6263 567 4935 6409 3566 6680 1850 631 4823 5714 
8 1305 4583 9382 4485 7078 2129 6790 7522 
9 6815 9996 4869 178 6562 7560 2430 8663 3153 
9 3307 5218 7804 524 1688 2943 4254 9568 8519 
11 4071 8024 1697 640 4986 3232 1695 3955 7981 1483 4296 
9 2316 7180 284 9575 285 7454 264 1940 9123 
11 1335 9820 2784 3420 6902 3847 7177 8392 9417 4918 6311 
7 2917 1784 3947 7628 1523 3341 1327 
10 8731 8290 892 6398 2648 7904 2155 747 1295 8740 
8 8878 9657 3532 2021 8048 6624 7087 6533 
9 1138 9402 1524 5303 2272 9967 3206 6445 295 
10 9619 5227 7637 8030 1008 1308 3844 9399 6334 1055 
9 7013 5377 8768 3694 694 4026 1172 3533 6212 
10 2061 9137 3921 921 6868 3323 5183 7851 16 3514 
10 5086 7398 802 8037 4937 6102 5084 5509 9531 3284 
9 4058 8932 9602 9949 5100 4796 3809 2050 2289 
8 4618 8557 5554 5422 5221 8933 6543 1140 
9 7929 7435 481 9410 4087 5984 8286 9008 5494 
12 5300 1414 7677 1527 3366 1902 3075 2268 9437 6489 783 6534 
9 1315 5808 5626 5695 4119 5559 4925 7833 805 
10 9707 7020 8521 8353 6915 5016 2499 9885 9059 8152 
9 7429 9452 9735 7466 7080 333 9318 911 4479 
9 7861 2714 210 7642 6642 7944 226 182 5047 
7 4059 1407 364 8077 5947 6207 3043 
8 5192 1773 8991 3759 1104 1096 5478 5077 
9 5299 3276 2649 3760 1236 2632 1373 204 8654 
8 6783 7993 2112 1143 1289 6396 3488 5461 
10 7401 9852 6669 1684 8486 484 276 3878 6933 7017 
11 4855 6139 9412 8219 4786 3615 5099 8863 9099 1680 1304 
11 7463 2424 248 8609 1179 4845 8347 2890 2815 5825 836 
10 3167 7028 2147 8831 7096 4470 1011 2858 7752 9834 
8 273 2079 3381 2291 3924 6527 7519 4399 
9 3444 9733 854 6062 3476 9460 1548 3015 1732 
10 769 4693 3821 7323 9458 5039 1974 6841 5144 7395 
9 3696 1869 3116 138 4840 924 7919 3886 7509 
10 9305 3540 1689 3830 7548 5176 3262 9009 5121 535 
10 9563 6485 3910 7710 7633 5247 4710 8417 7416 5561 
7 2247 9463 3073 9419 6597 8553 4996 
8 4377 109 9640 761 2241 2364 5513 2310 
8 6412 8209 3966 1168 9687 8997 1691 7476 
10 713 1637 825 9537 3258 6488 1945 7449 1437 455 
10 2135 1512 8892 1845 4477 2835 7743 7674 2481 3310 
11 2949 3005 6239 2856 7209 2702 2713 5106 6295 4261 9916 
9 700 5727 4109 6648 5219 4457 7047 2620 7641 
10 8703 2166 2455 7636 6179 1781 9966 548 3728 9374 
10 117 4984 3849 3220 3305 692 7723 8349 2962 3128 
9 3442 2838 2399 5260 8492 8473 8676 9764 7600 
8 7913 3191 2790 2670 8170 6551 6992 4683 
9 6695 1372 7248 7448 9438 9758 3590 143 5536 
8 1543 3257 9586 7425 5373 3630 2692 443 
8 6831 902 4920 9186 7139 336 471 1633 
10 6901 3546 5049 1587 8103 6982 9363 1126 5348 1084 
8 6403 2651 8575 8182 6339 2150 6335 8078 
9 2384 726 5025 2802 4085 171 5165 6954 6978 
10 8518 6329 9495 9815 3099 4701 9239 7755 6731 3522 
10 5769 3245 874 6272 2023 9939 3018 6577 913 7700 
10 9393 9406 697 2140 2045 2309 701 8356 9307 5376 
9 7040 6150 4630 4854 2760 6353 6382 8095 3741 
11 3855 3311 277 8989 8695 7167 6436 3081 9760 2795 7112 
10 1515 9128 839 9276 2086 2851 5739 3548 6914 6616 
11 3371 6658 1223 4318 8876 3121 5705 8526 1659 5570 6795 
9 1992 3409 6922 9364 9433 7195 5505 3644 6433 
10 9325 7325 4017 3663 8743 8432 8230 6505 7283 4671 
10 9675 8055 7934 5453 3592 877 6531 5423 3041 9829 
9 6198 3208 3105 4713 8945 8987 8828 5456 5311 
11 7928 9052 6567 7922 4491 2048 1719 1712 9391 3287 5749 
10 8670 4255 9890 8244 6622 6459 5206 9755 3094 8265 
7 6807 3758 6718 2613 9667 4730 8330 
10 4435 2942 4807 3451 7334 2204 3187 8908 2764 6051 
9 8640 6884 1252 9242 4224 3359 1216 5895 5179 
9 3869 3197 245 6480 6181 2978 6371 8683 4091 
10 9449 8079 3124 7370 8307 1034 7258 9491 3995 7869 
8 4307 2006 1208 6678 8822 6500 2878 5563 
10 3253 9985 9965 881 5452 2400 8812 9365 5224 1652 
11 375 9046 4455 5285 7315 9208 4316 5898 7736 5331 749 
11 8329 8459 5663 5437 7490 5122 5614 1056 8714 9909 7201 
9 474 4260 2570 1459 1123 3428 2685 4864 5485 
8 5868 1113 7379 1660 9330 3061 9599 1698 
10 1105 1908 7203 7727 6444 9688 7571 5893 9895 1740 
8 1040 7230 5955 3117 7122 1950 6250 906 
10 222 1593 1121 2900 3909 3550 4419 7771 9280 1488 
9 1005 1013 4404 4331 3216 7635 577 2080 5798 
8 9550 3066 5279 1591 8153 3521 1242 4723 
9 3555 9347 1221 8785 6808 1624 9788 879 6470 
10 1135 3176 8772 8827 7987 357 3599 1759 9484 6152 
8 3578 1245 2842 2596 6620 5320 6010 2609 
10 5424 2641 3816 7558 9073 2557 806 2820 8893 6595 
8 5693 4208 7927 152 9641 6234 6960 3631 
10 84 5875 1010 2180 3173 7403 1769 4425 3275 170 
9 9140 7891 7638 6601 4776 4942 2367 4757 3652 
9 4894 3990 5516 3701 698 5950 2302 4075 6302 
9 920 6849 7086 8761 1979 3145 416 1446 3012 
8 6706 5237 2573 7630 4454 6499 8913 4445 
11 9799 4511 1994 2059 7805 3293 8390 8905 960 5051 6096 
9 203 1024 9871 3785 1071 7328 7892 5894 3087 
6 7956 4414 9702 2288 446 8352 
10 2559 5358 4115 711 3645 1119 6980 6623 3545 9201 
9 5717 8425 9282 751 355 8299 5164 1225 1903 
10 2695 3148 6202 6886 2966 4073 8258 6972 2807 6365 
10 961 6457 6220 4930 8510 8460 8442 7304 9336 392 
8 372 2736 6630 7770 958 4612 9648 6461 
8 7952 7575 6248 1420 3511 8427 9373 2750 
9 3654 5282 4613 8038 517 9899 7029 390 3702 
9 768 3294 8328 2178 7176 1188 7003 289 8070 
10 24 8020 4686 5158 5892 6830 9509 8364 2631 4490 
10 4090 7156 2690 3038 9132 3967 8387 888 9773 759 
6 9084 6877 57 1631 538 5968 
10 2869 739 2881 3940 5394 4135 569 4751 4697 3218 
9 8962 817 9030 300 2467 8692 2545 4095 2421 
9 2356 6747 1640 5678 2415 7100 45 8467 3838 
10 4637 2436 6125 3102 5708 2237 8875 570 5869 4883 
9 4150 5858 7779 4685 3660 5119 9154 2258 2287 
9 6115 7948 7113 408 4468 7306 2868 4288 3412 
10 3988 6558 417 9273 6727 8745 7844 5797 2363 3665 
11 5885 3655 1959 8823 9612 613 8478 1413 158 6209 4295 
9 311 6255 5124 2192 1736 7960 1124 2491 3656 
9 4379 6199 4250 9900 2042 4982 5595 9521 8607 
8 7399 864 4493 7907 9919 3452 3581 2806 
9 541 4387 6634 4888 2383 7790 9663 2993 1808 
10 7561 9649 1142 7847 691 5556 2398 3996 2643 707 
7 4143 7116 2741 2374 8563 9750 2579 
10 568 4537 7277 3669 8960 5862 1533 5468 440 8278 
10 4494 9920 2440 8042 8869 6462 2646 1927 1303 3505 
10 8950 8158 8410 853 9496 5804 676 6934 623 3172 
10 6228 8302 8832 8615 7830 8169 185 4298 1579 8716 
9 622 5060 4826 9475 3811 1342 9398 5657 7182 
9 1833 7114 1955 8306 8108 4097 3706 3950 3781 
10 6541 9473 3411 9710 7197 2345 6517 101 4165 7625 
9 6961 2899 9012 3205 2722 3136 5820 68 2280 
10 29 3249 3557 657 7276 2645 2269 1107 9451 5293 
9 1664 7329 8868 1256 2179 6714 3897 9069 9507 
10 55 2536 8835 1693 9844 6692 2678 5722 8861 4729 
10 9523 8736 7373 9158 4117 1638 7852 4668 3687 2926 
10 9216 2788 8536 2075 7931 3907 8969 6675 7669 3478 
8 9283 7512 3512 607 9265 6463 8046 1823 
10 4842 5743 9045 922 659 3213 5339 5236 7251 3042 
9 2576 8586 9751 4415 8830 1832 6282 1607 7289 
11 4948 5491 1843 1232 2191 7620 1666 1162 6599 3626 7154 
10 4346 7210 6536 5212 5317 1322 7945 6236 5685 7001 
9 1888 5990 7602 8298 4594 3277 2721 2629 3858 
9 734 1651 6186 9645 8028 5694 7105 2594 8057 
11 3149 7864 4794 3026 2076 890 5274 6427 6725 3971 5398 
9 7119 627 4202 7342 6883 7718 1214 7644 4901 
10 4214 9974 6340 3770 2972 4038 4082 605 6717 807 
8 7862 8803 6078 4249 7352 5542 7427 1293 
10 157 6735 2261 1436 3007 6609 2587 6227 7228 6458 
10 2986 2538 2056 9127 5792 2213 3684 7218 8561 9955 
11 297 8699 5593 5837 4654 3913 5827 2038 2475 7776 2821 
10 1978 5948 1177 4652 4400 4533 4754 8066 7008 5150 
7 3103 4437 9511 4699 8646 5979 3749 
10 5341 699 9744 3435 1338 1383 359 8762 2326 5449 
6 2912 3608 9072 9423 7593 9782 
7 3281 8104 5636 4372 2884 8253 8332 
9 5716 9459 5679 3845 9428 9518 75 3730 5977 
11 957 8739 7572 5263 2395 8627 2396 735 2069 1847 9311 
9 6724 7104 3866 3542 5374 2863 3198 3464 4220 
9 3693 7129 3795 2343 8576 748 5488 5460 3110 
10 2020 3196 5240 3215 2893 7368 7101 5085 6400 2623 
10 8395 6740 6360 3537 4924 4810 4678 4193 3637 2096 
10 2008 6493 9297 2602 8963 6629 6691 597 2697 762 
10 8406 8021 448 6716 3278 1814 6801 411 8790 4108 
9 5598 7704 655 2754 3905 594 7997 9147 4614 
9 3030 7082 4507 7477 1855 7291 4926 6070 9545 
8 3471 8566 3462 546 9358 654 8180 7977 
10 7141 2357 1634 6593 7894 1532 2991 7658 8707 1003 
9 8102 8435 2352 2122 5763 5997 3248 4771 8480 
9 8840 4546 3991 6247 3685 9378 3881 4465 9049 
9 585 9685 457 5711 9763 855 3301 5750 758 
10 268 7357 476 7610 5073 3704 5648 5687 7951 1731 
9 4495 2748 4028 1110 2636 2433 1108 4175 8730 
8 1353 5856 9681 3261 9155 3982 706 7052 
9 5406 5034 8128 461 235 201 3517 236 3525 
9 8342 1630 5757 7246 1302 3962 1270 8251 3679 
8 5649 6526 1004 133 4265 3927 5178 1367 
8 7640 2026 8653 942 3952 9583 6086 2951 
10 1528 7471 8434 3112 353 4711 9774 2283 3733 6994 
9 583 2791 3915 3949 4834 2947 7345 4303 3134 
10 2941 5393 498 2000 4944 1946 7848 5842 4230 5545 
8 8204 5359 5433 5064 8705 6204 7482 8120 
8 3025 1803 252 3186 470 7828 2624 5896 
9 1735 2512 1580 91 1392 3980 9535 9759 8838 
10 5304 3384 4101 5457 2229 3152 2553 3252 4844 1157 
8 4829 895 1537 8562 887 478 9905 9277 
9 741 5721 9042 4607 7793 3856 9959 3703 4962 
9 5381 5487 8796 5170 6190 1623 3183 8717 1288 
10 9979 1251 290 7135 6460 1981 173 5068 1380 8232 
9 8559 8548 6000 2406 9826 4144 7181 6148 9448 
10 6321 4154 1386 1182 3308 9183 9588 8825 4545 4951 
10 3743 6851 9492 2673 3499 4988 7974 8172 1708 7565 
8 9581 1973 7924 754 2832 1540 4650 2300 
10 1269 2123 2338 3657 6253 6861 1650 5177 7888 1573 
7 6039 4965 4714 1964 3642 1636 3975 
10 8520 1635 5120 3554 6882 7178 3473 1401 1594 9025 
8 3457 8277 4029 2270 6708 3960 8619 4695 
9 8728 9595 1518 4880 7361 7507 7168 6621 8019 
10 4687 7117 1986 9678 4628 1050 9591 1928 1404 5493 
9 3564 8323 5888 1433 2284 6347 981 6323 9770 
9 580 6053 9549 3169 2034 4682 9762 504 6715 
7 6649 400 6879 3330 6759 9956 3745 
9 61 8073 8155 7191 2468 9489 6687 4222 9637 
9 4788 2335 4887 3635 3841 995 3942 5148 5173 
9 5161 3104 1601 4123 9441 3508 3889 3872 395 
9 6456 9087 4658 8667 9880 2405 8600 4054 3857 
7 8179 1192 2330 1166 4549 7302 7621 
9 6952 3368 3879 4163 4985 525 5826 1938 7057 
9 7877 4170 164 1644 9800 3397 1811 6477 316 
8 7799 1625 6927 4884 134 968 1091 421 
9 489 5112 989 4497 5658 5349 1730 1935 5944 
9 9207 3202 2110 9729 5102 558 2067 3734 5819 
9 8184 8998 3211 8540 5175 1765 2101 5198 2487 
9 8420 7553 6942 9897 7384 9384 2466 6791 3863 
9 8675 4648 9485 8800 9368 7016 6564 9184 432 
8 6424 2928 4024 8214 1772 1249 5544 1009 
10 5245 1734 2967 2652 1255 3674 4513 1153 4769 795 
9 6160 5746 8093 5238 6120 1468 2763 5037 8308 
9 7468 9636 2600 2958 3150 9488 7244 7744 9811 
10 1866 6004 5347 6814 7422 3661 9597 6688 31 5758 
9 3692 7451 6729 9284 8366 6055 6428 6035 2618 
8 9121 5756 8259 7817 4789 3801 6520 5434 
10 1993 4200 2235 7777 7998 4660 8361 5152 8934 7766 
7 3239 6924 6352 1250 2057 2148 9723 
8 9901 9691 9654 6491 6581 7616 5703 5683 
10 7911 8848 3083 1721 6548 547 5993 6028 7702 2252 
8 9411 3989 753 3731 386 7408 619 6514 
8 1563 6825 8339 6038 7932 7589 383 8433 
9 4882 2915 2250 7301 2909 6617 2381 2879 298 
10 5902 3160 3058 5951 4263 7285 7747 8558 1699 3588 
7 7229 7846 2497 1985 6515 1129 1312 
5 4066 5818 4520 5625 3491 
8 6965 842 3108 4605 6963 2099 8891 5652 
10 610 3138 3840 3345 9474 9400 5319 4934 2671 5726 
8 2429 7585 5495 9624 103 6145 6011 4203 
7 6633 4194 1460 843 7972 1085 5333 
7 2278 873 2366 26 5490 1374 3887 
9 2774 3976 2787 3623 8446 7615 8596 1093 7183 
8 9020 4352 2556 5323 1933 7728 9600 7160 
6 2418 8088 5941 5329 8402 6241 
8 9291 2520 7787 1595 4486 8946 1155 5159 
9 9626 166 6550 4274 5470 4322 915 899 3500 
10 9187 3029 4602 560 2164 6905 6061 291 3890 0 
9 8509 2293 8856 7387 7502 28 4116 6976 1261 
12 4586 8629 2635 4636 6677 9479 6104 5401 8393 7349 3836 3422 
7 4644 1046 9639 3593 2522 7431 7496 
8 2327 8426 6430 397 3139 7280 9986 7524 
9 4098 8715 5748 1817 8821 2500 3084 5149 5854 
10 7227 1111 2585 163 4043 2242 3407 562 8755 2865 
8 6694 5480 2128 280 9661 687 3091 8622 
10 219 3891 8681 2505 3163 1485 9893 1333 4041 6750 
8 2176 1949 6705 5610 2768 9982 5834 5443 
9 1815 2426 511 2771 4784 4388 6555 4994 4210 
10 3008 328 6742 9075 8007 2611 5257 192 2689 3327 
9 5222 3170 4299 6969 8373 2344 6949 755 7146 
8 8271 5332 2439 78 717 8752 7517 4013 
8 9670 9559 2984 9221 4464 1400 9814 5547 
10 2944 6875 7683 3062 202 1154 7942 6797 9555 2029 
9 6361 4624 7882 4532 9444 8248 2929 8929 8106 
8 3321 7174 2930 7949 1296 2222 7290 7881 
8 3647 4003 9684 2846 5785 917 4610 2839 
9 8564 1852 3938 3524 1561 1953 3318 8802 5937 
8 7716 1977 348 1428 9372 8206 1544 7348 
7 113 5698 2167 2377 3225 4337 690 
8 6913 6455 9927 7926 9163 2334 2902 4267 
9 6607 8979 5783 9822 4539 6167 7056 6782 4841 
9 3168 9267 2442 8505 639 9653 3048 4269 2200 
8 2313 3424 5602 3775 4625 6560 593 5362 
9 1724 5510 1500 6615 5160 4055 4850 5905 8156 
9 5402 2198 9100 6921 8881 3788 7623 7073 1277 
9 6900 4706 7243 3732 9950 4443 9017 36 9775 
10 2507 5572 2577 9222 2052 9447 5755 9465 4488 2070 
9 5343 9503 7579 7143 5664 8525 2987 7544 9711 
8 3667 1090 4246 5045 4394 4459 7238 5886 
8 554 5500 1106 584 434 7797 6852 1586 
10 7088 4112 9524 1509 2407 4473 1707 7094 251 9198 
9 8587 315 5779 9062 8793 4898 7121 8608 3945 
9 6418 3459 982 9133 3135 4597 3864 5812 4923 
10 9698 6068 6749 7746 9784 600 7675 3192 2592 818 
8 8698 8774 3114 8160 4647 4238 9891 6079 
9 6780 3024 3398 374 6203 9079 5759 3020 4568 
9 6767 4223 1647 7562 1328 7447 7639 7938 5592 
10 6044 965 6196 8610 282 6707 7155 7481 4305 3884 
7 4056 7428 665 4256 7920 5958 7773 
9 2531 2230 4297 2753 6880 7189 7265 4181 7374 
9 3410 4164 4450 1787 4453 9233 9308 4968 8001 
10 5881 3601 378 8981 8500 2151 999 9422 3868 1983 
8 1879 4084 4291 5619 257 7966 8625 8808 
8 8086 7314 1430 2495 6301 5482 5671 2007 
10 8189 1489 5699 5107 599 4499 8669 3662 9580 8275 
9 2828 9768 4376 1355 6566 5908 3431 9149 5395 
10 1794 9274 9118 4244 695 5271 7908 5935 4339 3504 
7 7849 1778 8239 7125 3361 861 3369 
7 394 8786 3054 9912 4378 7720 835 
9 6269 9191 6021 7162 7749 1743 5078 9676 6060 
9 6843 4575 507 6647 5462 2142 1890 9271 9206 
9 5027 9011 559 938 2340 2027 9953 926 2492 
8 7709 9556 3680 6544 7206 5272 2905 9034 
9 7188 9246 5214 3839 5105 1371 3670 8454 1923 
10 1332 1100 3565 6956 6775 3161 288 7279 7739 5003 
9 4475 9306 3875 832 9002 1639 3391 4738 3861 
9 7064 1588 5054 6197 946 7815 6230 1824 8461 
7 8213 3291 8511 6014 9468 3059 8499 
7 6912 9742 9240 2197 5618 5223 2886 
9 8787 209 5234 3818 5041 1471 4166 9726 8490 
9 3697 2742 8554 506 4046 4460 1554 4998 1456 
8 4536 2963 3493 8051 5072 8914 6796 2606 
8 6656 6752 4011 6416 3509 205 4484 4424 
9 1227 8464 6762 2315 8431 6264 8702 6955 8818 
9 2324 8447 3721 9089 1756 8746 3306 5110 6559 
9 5971 5654 172 396 2959 9153 5103 5577 7673 
9 6662 3067 4396 3829 2319 1767 3634 9660 6766 
9 1447 5996 4585 3843 2694 441 312 8685 2175 
