27 6428 6227 9942 6402 3620 6844 164 1888 4370 5547 1215 3020 8639 3028 9729 7898 5252 3261 4301 151 4620 823 6022 7738 5054 3857 9138 
26 45 3075 7395 2599 4476 7679 9121 3439 5301 1269 5647 4914 3849 3568 9712 4129 3960 7433 9965 7686 9486 2796 8803 4954 8062 4871 
27 9475 6021 1365 6231 2430 1604 216 6295 8042 6531 3606 1320 4090 7099 6611 6396 1578 6528 3178 5663 7687 4038 9253 5907 9505 518 2149 
27 6198 8299 9820 5031 4046 1462 5912 2774 689 8025 9526 5442 4599 7588 5477 8999 716 3615 4513 3564 1859 1447 3848 5196 5092 824 9510 
26 8103 5645 3693 8875 5333 8966 7910 5784 7483 1039 4064 2370 600 4748 1535 2692 8119 2602 5111 6886 1110 9201 6325 5430 2059 2134 
26 6599 5160 3128 2858 7579 8250 2096 3647 6572 8055 8294 5024 2500 1706 7558 6009 7410 2665 7547 469 9536 6499 8117 8916 3381 9343 
27 156 8546 5503 7120 2506 9937 6634 1174 2601 2646 1158 2548 1262 4813 6904 5648 583 7635 97 867 6592 7512 5764 9710 8959 2585 7260 
26 6440 5030 528 7698 1465 795 1243 9461 6331 3850 6318 8861 2811 6741 6438 6617 7143 5468 7685 2196 2503 441 344 9894 9971 4111 
27 1566 2830 7448 7458 4622 2394 5863 8828 5235 8511 6191 322 1091 1771 7184 4496 6039 8839 6894 6642 1628 1997 7094 1428 9731 283 2084 
28 8450 2863 7566 810 16 2752 9027 5435 1167 111 5601 7334 5290 7712 5379 169 2708 1351 5733 8208 6458 8102 2392 8555 426 1270 1268 6787 
26 6261 4581 182 4802 9190 2218 3917 2499 8993 8602 7108 5830 2682 1726 2187 9295 2128 6839 6984 1703 7301 5232 2505 3148 9968 1099 
26 4467 5955 330 667 229 3238 606 7489 3156 2799 84 5828 6471 4776 5827 8707 6487 1582 6019 7818 4265 6431 9705 7789 5953 5486 
27 2822 1377 7787 2693 1422 9980 1093 541 4044 1118 203 642 6025 9736 1137 5662 1848 842 2974 4508 8521 821 8174 5805 9463 2968 6441 
27 5876 3240 2793 4803 3582 4227 8754 760 1725 8493 4665 1182 5332 1314 1353 7778 471 5060 2580 7057 1953 6981 2618 8376 3101 7399 4678 
28 9151 7794 9200 9699 4050 8575 1198 1944 902 135 9368 39 7072 9008 8942 514 3596 1058 5602 2035 3358 4848 6769 6709 396 5736 9607 6207 
26 9738 8502 8654 1909 9669 5705 8257 8718 8840 7876 6672 9497 4081 8109 2508 2216 5357 1006 7627 542 1086 7524 6327 8060 8514 9982 
26 1134 816 2069 6889 9640 7203 6057 420 7835 8573 4873 9250 4420 4351 903 3891 5799 864 9834 506 3688 1580 891 4998 6952 1199 
27 8033 7132 3361 8503 9129 2401 8375 435 980 9203 7209 2255 5869 3269 6338 2658 6962 5043 7956 3843 9472 695 889 5633 340 6561 8909 
26 2234 8607 3772 3919 2930 3346 1245 4465 6277 7522 8347 2033 1873 5114 8221 834 4498 1230 668 9603 5286 9082 6153 5543 2386 6491 
26 835 6340 8183 7496 3278 6995 7408 2748 252 5403 7328 2184 2589 4448 96 9427 6249 7373 1334 2764 2162 7354 6577 8750 8771 3555 
27 9670 2091 548 3987 1080 1293 8410 8264 848 8325 4374 9218 6601 5581 3657 7081 536 9016 4206 765 3154 4721 5936 5276 7764 8715 1766 
26 1959 957 9591 3476 2535 7022 2762 1064 974 2030 4290 5411 1294 8422 3639 1611 6195 9521 4709 2317 9004 3527 860 8743 8268 1154 
27 1179 750 2554 6363 3764 504 7605 2950 5861 2835 9127 8824 9068 157 998 4970 7823 1471 1901 7565 3626 2978 3369 6169 7817 6969 8629 
26 2995 929 5889 2933 9612 3122 7239 9350 3715 6472 9090 5395 6187 5800 361 2312 8023 6054 8380 1514 5085 6248 8018 7726 8774 1397 
26 7678 7642 7397 1520 8936 2519 5916 1707 7745 7761 7355 9222 1661 9716 7888 649 6939 7083 6608 9379 8302 8567 1705 3138 9860 592 
26 187 4830 6600 5134 7109 4165 8634 6361 2961 734 4431 1069 1126 1829 604 6106 303 7314 4663 7454 9602 2991 5261 5256 1473 3808 
27 3039 9814 9166 7636 8273 4677 8958 5556 3678 1423 4818 140 3771 866 9681 4838 7585 370 7959 9265 1570 7714 2398 2571 1550 4963 7641 
28 5266 3160 6543 7611 9984 6313 220 4298 7240 2274 9093 3402 8813 2833 989 9666 1886 507 1903 2827 2222 217 752 4042 4517 3758 9296 973 
26 9053 625 9336 6493 5598 7430 9467 2738 1895 7330 5951 3563 9490 1498 2151 112 6050 2402 260 1251 6848 4907 2264 4346 5621 9643 
27 2734 1204 2890 7894 1267 9462 590 7561 8874 7268 8245 5811 8352 5048 5786 1057 8461 5655 9432 727 6636 1633 9277 7152 2441 4866 5208 
27 2717 5703 8434 598 5005 208 3090 927 9658 9363 5329 8939 4749 2683 7033 5642 3193 490 6035 4939 8998 5300 485 5549 2716 4540 1778 
27 2603 3198 1339 8625 2479 3292 5351 3513 8687 5879 4178 8413 858 918 7656 3599 3319 6739 2598 7255 2210 1297 9074 9788 9113 4354 5273 
27 7849 4759 5941 2512 5566 6718 1138 4566 9851 4638 5592 1988 8435 9672 7265 5026 324 3822 347 9663 7263 4267 5538 7386 1369 8216 5823 
26 2150 3210 1805 8745 3177 5783 5167 8581 4031 8617 7983 9833 4045 2982 1876 8319 4572 1884 3749 3864 3577 9291 6784 2881 5029 8465 
26 2921 8184 9257 2012 4249 2024 8239 8263 5343 5055 4047 6098 428 5994 6624 2714 1789 5980 5923 3509 7933 5016 9285 1601 4502 8753 
27 9058 482 7115 5881 1608 9629 3783 2744 4758 8238 1668 5309 8605 8066 5067 6119 9077 8420 6789 6870 767 6517 6619 4666 8272 4256 9837 
27 6430 9246 552 5129 4386 9963 43 9186 8486 5238 7771 3174 6176 2882 2287 5447 8900 9758 5267 5414 3861 8243 856 5809 9748 5930 2480 
27 7318 7229 6729 6155 6973 7177 1095 134 6793 5100 3110 359 7589 2534 4669 3409 4054 7079 4786 7821 8357 6281 6569 8533 453 7631 5991 
27 2870 9194 9584 8120 9123 7180 9494 1998 1121 2955 2725 9821 237 9 9609 6323 8133 7285 1043 7170 7182 4036 7602 8247 9828 1991 7555 
26 3448 5325 8125 3385 7151 4248 6727 174 5969 8150 7131 7554 8826 8378 1598 1117 6110 5605 6095 9722 2025 4959 1266 574 119 2623 
26 2368 5326 2330 69 421 4082 4486 5163 3654 2802 4443 2355 7701 3034 1439 4843 7210 7350 9009 5892 7224 5599 105 6159 6320 8096 
27 2635 9561 5846 2459 9627 9856 9315 8377 3304 3144 4990 5768 3923 6375 4258 3650 7217 1286 9230 7497 9146 942 7595 7791 1022 7424 3642 
27 2922 2517 4170 9732 8261 4628 675 8463 4831 6412 2474 3121 7288 7692 6841 7221 2321 4618 9142 346 7445 3163 1834 1943 287 3472 2497 
27 5371 2191 3656 7982 1597 5313 9229 5376 8627 6385 3484 5289 6082 7696 7587 9047 4704 7510 2490 8021 1843 9503 1337 251 2848 6157 9941 
26 5959 4634 4766 5237 7650 768 4069 2574 3777 615 7284 67 3136 1146 6448 4027 4596 7943 8 7420 5872 9620 5173 4026 9388 3444 
27 6056 2156 4797 4318 7742 3716 8834 2337 4575 9737 5413 4582 9311 2082 5202 4934 4244 355 6555 1569 3739 9433 5337 6356 3120 4832 8805 
27 2584 2648 8543 8003 6410 4314 7538 6419 1620 9889 3506 2946 5438 7258 1830 6521 5242 9156 9239 944 6066 6602 235 3779 8070 9782 969 
27 2758 6982 3681 4909 9268 4867 7412 107 9220 8122 3548 7838 9135 9763 7615 9560 595 8973 5891 797 3673 1669 9032 6704 2119 3106 1363 
26 5254 4574 9695 874 60 4175 2391 3625 2562 7462 38 2020 6010 9381 6134 1088 6689 9875 5625 8467 5558 857 4459 6667 8037 9431 
27 3183 2996 2874 2715 6563 5542 9407 4048 8398 7419 7082 9750 1056 5504 3211 9011 7881 6083 4670 2831 7017 8633 3045 7788 3289 1533 1298 
27 6975 4107 5195 130 627 3755 7988 2310 3215 4579 4519 2923 7620 1914 8597 5627 6965 9701 7403 8809 885 876 8363 5725 3668 1211 2719 
26 9822 2607 1807 4896 8471 6452 7777 7660 925 2078 8296 7877 7532 512 8295 2945 1931 6788 4333 5145 9652 2694 1957 3959 5432 3285 
26 4891 8246 5475 4239 9076 9590 1542 3520 5935 1872 3286 8611 799 1892 6365 6384 5331 244 672 364 9859 8045 1281 9542 7938 7153 
26 9191 1833 9104 1590 8193 7667 8798 888 358 5429 5279 4906 7549 4128 802 7676 5495 5778 827 723 2905 4593 1981 4895 7934 6179 
26 2139 159 446 170 2147 5052 975 2233 7664 3986 6773 6780 5015 9453 2387 2411 4860 1075 4154 8408 5120 6832 7930 1540 6598 9307 
26 3636 1599 3878 6463 5826 7721 4703 1433 4247 4647 6354 8035 1418 3723 9214 5081 7975 535 7940 3200 6771 4255 566 8731 5216 2528 
27 8725 7006 3258 3698 2186 8663 2609 9880 9733 3262 1754 2066 3759 3477 815 5590 1581 2726 6549 4041 4121 4039 4020 2088 1607 2016 3399 
26 3353 3756 5595 6928 8053 2166 4722 9133 5278 7450 8859 6882 2743 6670 7758 5884 5246 8869 1343 5172 5873 1538 2709 6029 8387 8670 
27 389 8896 6640 5387 404 9165 9394 2470 1532 9771 7531 1303 1406 4368 6545 9683 3432 8056 176 9775 2074 2483 4664 4820 451 2249 6301 
27 5482 9887 9743 3201 5151 9874 1414 4315 4885 5397 9575 2825 2004 3441 5519 8087 5399 1480 7825 1528 6679 3996 6251 8164 8317 9838 7690 
26 3187 280 2152 9632 5148 53 690 4874 9270 4124 3515 6948 8142 4317 131 4470 285 4016 7211 1381 3712 7505 7463 4913 1697 537 
26 4611 7205 9568 1976 9454 8937 9546 3243 2303 3105 4401 8507 4423 5006 3287 6850 5385 6900 9125 7530 9374 2953 8241 4947 1150 98 
26 8172 6557 5209 8778 1776 15 3019 6538 6296 1852 9029 3356 2404 1461 8175 9021 5773 8947 4668 5684 6548 2884 9353 4695 2814 3375 
26 3060 3492 4751 4717 5226 7715 6676 8423 2624 8131 9983 5905 4218 5426 5479 1495 8171 6957 9656 6116 2336 5660 7617 448 7194 7540 
27 820 4260 2785 8566 3331 6657 4313 5177 4938 1693 161 2188 1796 2903 7199 7212 5205 2988 9237 4216 5735 7486 3727 6203 5859 7806 1651 
26 8598 4980 3534 9797 1505 629 4278 1322 1802 7097 569 3846 5451 6757 3853 7206 3790 4499 9105 2159 5319 2285 3237 497 6442 9109 
25 3190 2198 1330 8052 2323 3881 6359 2403 1248 8067 7059 4410 568 5409 4149 2173 9429 8930 9479 4449 1877 5110 9586 3956 2582 
26 3883 4447 5721 3855 6237 2992 3573 8506 9436 5059 6648 567 7321 9091 4080 8837 1845 9801 6118 5753 1005 894 8712 1010 9018 4063 
27 4172 6257 8678 7219 2141 5654 6221 9975 4444 4929 6918 8335 1544 4288 3525 8599 985 759 4778 8059 2089 5624 2976 9778 5712 8879 3810 
27 7138 6791 7569 2228 8063 8418 6990 190 8700 6666 4945 3982 3584 6716 8490 7159 4043 6678 46 4932 146 3498 5342 730 2907 2456 6835 
27 9392 5233 1734 5815 6177 515 9055 2674 4889 3545 9689 2076 6809 5132 9673 8242 1654 8643 7241 7434 3133 5575 3614 4412 5960 341 4347 
27 6933 1415 6151 3322 5181 8954 2129 106 9314 8689 9012 3131 3368 844 7013 6306 1033 2131 2696 9938 9176 8576 7125 8061 8236 7978 7577 
26 6507 9440 9366 6864 7295 1681 8012 5296 3234 1837 4564 9228 6915 2671 4815 4740 812 2045 6132 890 8075 4326 8810 1820 953 8470 
25 5832 1539 7695 8464 1178 1430 1592 7356 5146 5070 9857 7443 9501 8329 9598 64 6476 6685 7814 9331 6273 3842 3710 2291 9873 
26 2223 3860 8934 6509 5520 5478 956 5748 6795 8917 5963 7056 198 1142 6432 8217 248 9901 1356 7469 9623 2115 9934 4237 7654 3143 
26 5260 9764 3972 6117 5400 9241 3300 3803 4388 2068 1867 5890 1467 914 5652 5484 9070 6505 104 988 9608 7306 262 5398 6094 4605 
26 9106 5388 7183 3746 4655 5610 6244 4190 7304 4782 9809 8278 7948 5971 8497 4609 5636 5563 7736 963 2778 8749 2329 6722 3529 63 
25 3117 862 5492 7060 6283 3267 3297 177 3254 8330 7076 510 7005 3096 8860 8720 307 3428 4234 3070 808 9713 3796 6821 5851 
26 691 1387 4238 5751 8751 9097 1689 5639 4457 4520 7000 3127 6298 6418 938 3971 1336 9920 6004 5544 3627 8648 9759 6311 371 5227 
27 2849 9360 2442 5153 3907 6868 6105 6652 1871 1694 822 1933 3321 7130 5775 5487 5389 1619 5094 7085 8010 3066 218 882 8978 2879 7364 
28 6096 3482 5156 1964 3412 3703 9235 3882 1032 7847 4882 8659 8345 5720 95 2889 9717 8259 3916 1284 1041 7658 2294 3588 7050 7319 2957 8799 
27 5604 8653 1113 1809 3992 2569 3348 7592 3683 2909 7122 8616 4343 6433 8031 6714 5098 2164 6949 1775 6370 9335 4287 9001 6823 6830 7215 
26 6570 1130 5197 9930 7367 6753 5637 3821 5704 5906 6460 5200 4602 7044 5790 5688 2420 3485 9926 2190 1731 9766 2054 5609 1503 531 
27 6130 9445 5984 477 3150 5 7065 4117 6675 7610 1002 4612 4713 1552 2888 1763 3408 3142 8048 4772 4485 6053 3015 4580 8928 7270 470 
26 6812 1512 1556 3350 2168 3318 184 1730 8477 70 5083 1459 9455 920 2219 8843 2319 5078 8735 8163 6579 6293 4271 617 4791 212 
27 327 3076 281 429 1600 5360 9665 3420 2039 323 8153 5405 9458 1853 9122 3869 7425 3263 9746 6243 8287 7376 7119 9947 5844 6264 85 
27 701 1824 8170 9891 291 3757 704 3203 4799 893 1647 1214 4425 2617 5214 7673 1156 7476 6571 4007 242 6583 5996 1509 5918 1875 5988 
26 1826 4501 1924 9785 2633 7974 9599 3427 2132 1290 3553 1085 1188 1530 2475 6079 8269 6691 9271 4536 8962 3948 4381 6798 2829 8887 
26 5634 7639 4660 4480 8277 1373 2771 6750 1545 4032 6674 832 6945 9359 388 3552 8186 6140 2361 9682 4409 6040 2478 378 9829 4418 
25 8854 1568 9037 3005 3702 6485 7117 6559 230 995 1402 4835 5664 5716 1488 3820 2521 4987 8301 5715 8433 1181 6673 3633 8114 
26 7674 3025 6857 659 1380 221 308 5084 619 6856 6997 9309 7682 1171 6698 9469 478 7624 6568 1979 8485 6141 415 3226 7850 3570 
26 8980 3169 702 9130 6681 232 6128 8460 7374 3277 8769 8390 5152 8362 6170 9426 9162 7550 2605 1162 312 2046 3988 5678 6955 5707 
26 9581 9243 8017 2640 6922 3537 6099 1012 4562 7291 560 8899 2354 1145 3344 4106 9709 8459 8452 7113 9789 814 8736 3173 5002 2681 
26 1711 9248 6294 1700 6869 81 7054 8848 5568 5175 4212 9081 337 7124 2043 2113 4451 1335 3624 6489 2383 634 4437 4268 6480 9604 
27 9145 7613 7015 4535 5244 2912 9961 9172 3912 7135 1708 8106 3303 1482 5443 4700 398 9611 4464 9541 6733 2079 8520 9148 24 7805 3818 
27 7833 7179 6888 2769 1220 4304 1344 6854 4289 5603 1444 116 5993 2981 6380 6953 3824 4595 8662 8030 5243 3081 9962 9064 7004 1367 5885 
25 3425 4922 8073 968 3050 8381 7393 9338 3565 7039 9116 4919 9002 8732 9276 3325 3718 3052 9275 1989 1277 2533 5285 5021 7134 
26 9832 5535 8977 9286 5086 7637 9477 3984 9006 4040 4019 5352 2014 7702 6837 4492 8116 268 3217 7302 7389 9661 5582 2523 9444 6865 
26 586 3827 1285 6474 9520 8991 9456 9059 2788 5659 3494 8844 4986 8630 7763 5295 2229 2259 6896 6662 543 1878 892 4619 8374 4419 
26 5455 7047 8166 3682 9816 970 3528 8793 5900 6138 644 7989 9824 6895 3343 2309 6695 8403 7945 2377 9198 2063 6818 7856 4940 2267 
26 7320 2496 3051 1772 3405 1794 6395 4724 7105 9420 7863 5803 6721 6414 4146 6403 8491 2208 2172 2461 4463 6335 6408 5950 5970 1954 
26 9351 7297 1021 3264 7769 5796 4394 5439 1020 7767 1389 6429 4723 8223 1977 9647 2344 3761 6144 5011 4150 1800 3583 9580 5470 2423 
26 1785 4671 8415 2940 1737 7728 319 2322 219 8894 7645 6719 231 7171 4240 3085 424 3600 1534 114 7666 787 573 7843 4254 6090 
27 3660 7545 7475 1822 5940 1283 5228 8292 5434 8944 3670 529 7001 2560 2324 7546 5419 2271 8822 8785 8344 2612 4008 253 9723 6269 3006 
27 2772 5673 7793 6250 1429 9721 4597 6971 2919 8652 4127 8956 3502 8489 5565 9659 2839 7283 8397 4013 2199 4999 2927 2712 3404 1551 582 
26 2440 1595 8565 8833 5726 7375 9380 4194 363 4281 2913 5219 6996 9877 5924 381 4868 8795 8600 2438 2284 1716 6415 7261 3038 9958 
26 7782 5801 9747 4279 9397 73 8494 6747 7993 6860 3863 1585 8332 1885 5356 8139 8396 8379 3792 6834 1529 1811 9582 2776 1678 7747 
26 4182 2583 7358 4311 7790 489 4621 5862 1792 5440 3955 4132 2413 278 7499 2181 9345 1729 6923 9013 6139 4450 641 3958 3059 9600 
26 8044 27 854 4415 684 6519 6409 6186 2071 83 1915 924 8915 7853 407 2975 8054 7646 6645 4729 6799 3493 2170 951 3829 519 
27 9141 4349 5653 1410 4186 289 8564 9182 194 4792 2547 798 8115 1774 7018 1383 1858 4404 3973 6373 8209 9680 5017 5795 852 8945 3048 
26 3155 5130 2813 2573 1644 2167 8572 3780 5502 6800 4101 8591 7509 1667 4109 5880 1450 7963 3365 315 9063 88 9112 9927 6189 6596 
26 493 2765 8286 7230 5308 3332 6643 1525 7468 5189 4383 3686 7298 2300 4750 3231 7208 6381 6071 7452 2437 2491 20 5729 1522 7272 
27 8078 7175 8903 5461 4716 3731 6994 4004 6015 1526 2826 3360 805 8560 5737 2568 2929 7479 3915 7198 708 4319 7683 4702 8918 2530 7527 
26 8858 4494 2365 2469 1390 7086 5424 8036 3865 8358 3191 5766 6192 8341 3102 803 8429 774 4225 3053 7461 754 9208 4872 282 1627 
27 5588 2766 8740 9304 2239 3851 8609 4251 4588 257 3055 8558 1321 3061 9430 6977 3602 1684 8692 2455 8065 5719 2261 6305 3970 4635 7234 
26 1408 1312 7694 540 9263 4627 8532 8000 8483 4856 6252 9906 7623 9390 1536 8414 7578 7710 3140 1699 5155 6260 2275 1615 1106 3708 
26 3873 9727 5740 9079 4697 7870 9795 6236 51 8213 584 5080 4918 5373 3499 5154 7879 5061 5858 6825 2856 2751 2691 8682 2556 9204 
27 9601 3288 5213 5128 1758 6292 1004 6979 2707 1680 4435 9072 8426 4943 4148 6991 3571 1216 742 4022 1658 932 6011 127 6513 1665 2338 
26 3216 4397 9756 896 3898 2677 8831 6274 3887 5384 2062 8455 5073 585 3370 4555 5340 6087 6349 8557 9945 9022 5386 8416 8151 7063 
26 3491 474 6265 3951 4834 5744 5742 5159 9317 8260 2610 6993 1103 9326 1840 8757 3880 7070 6605 284 7480 4416 1937 4698 4897 7774 
26 2098 2864 5185 8906 7723 4948 5010 4145 1519 1683 9332 6178 9160 639 1122 9999 9465 8138 2861 2471 6986 8770 652 9774 4516 3021 
26 4904 436 68 961 2841 5058 3326 74 9178 8215 8350 225 8807 3389 2593 4648 8271 9897 8361 3309 9450 2812 2094 2616 2213 6246 
27 7851 2086 5966 850 4144 3049 320 7316 468 2243 5064 2897 2977 376 5752 9400 8029 5131 591 2543 622 6661 6534 4479 2902 9697 6511 
26 2600 7382 8971 5127 82 4817 572 6218 5071 3743 2857 3819 2817 2032 1832 386 5212 2997 2750 6047 6774 3706 7192 3653 9866 6017 
25 7080 8364 7871 1756 4391 8500 9078 2542 4726 7802 4428 1483 6772 2283 2341 4010 9530 7780 8806 8252 1017 2844 3092 6332 3554 
26 3592 7855 8227 1275 9899 4104 9565 4185 8904 392 6707 1034 5367 1856 2125 2432 2492 3569 8473 4445 1586 6782 2498 3906 120 6133 
27 1579 9443 1531 3598 3367 9915 5925 4745 7597 1360 3298 1919 3705 3609 6462 775 7353 3473 6875 9137 3338 6501 7717 1305 3607 1638 8964 
27 4523 5147 2332 6168 3844 1515 6622 7960 7931 7670 2891 8604 6684 2704 3897 1673 1973 3244 2898 6067 7594 9301 9069 1227 9916 7885 8392 
26 4115 9157 1704 1051 6516 8681 8285 8741 1609 8466 1564 3454 954 8675 4280 9140 2333 7762 5676 8430 9364 7601 7746 5849 870 5644 
26 4119 90 1768 2876 7232 6464 4828 2435 7078 7415 7032 5661 2686 1249 6166 1613 2174 2022 7797 3750 9631 7520 1279 7090 5928 6061 
27 9180 1030 8710 460 9790 6985 1238 3745 2415 7472 9862 1371 5306 8140 6362 2224 4321 7447 6193 4245 3538 50 6 517 8893 3468 3071 
27 3831 9031 4807 3867 3139 408 7201 4134 1081 2931 1395 4430 406 8135 1496 2564 8804 6736 2676 5902 3022 2434 3943 2572 3645 6587 5921 
26 3766 3632 6595 5632 8237 791 883 2679 4174 1749 9703 2606 4925 245 3400 461 2118 3337 7819 8382 5765 4681 3649 3451 2594 1793 
27 7643 688 8850 7449 663 9773 7464 2021 9451 1301 9035 5818 1176 4829 2060 8867 5003 8016 3445 3793 9550 8690 2559 7810 6184 8412 7341 
27 8544 2550 7439 8885 3707 3186 1009 6874 5369 6037 3035 6310 1261 664 66 4538 302 9626 3732 3093 3689 1318 1347 1393 7435 6390 6632 
26 4967 1573 8927 3781 5999 8651 7359 9491 2722 4898 2122 9300 3199 475 8373 52 1231 6232 8825 5961 8326 2454 44 8165 2444 6546 
26 1813 275 3575 5310 1907 1677 9943 1767 1242 2629 5998 1044 4074 8871 958 5040 2660 2362 8340 5364 7600 113 6222 2501 9358 8631 
27 2586 3832 4259 3044 9120 8266 8913 4734 9267 3648 7536 3817 6368 1936 693 3213 887 5038 4879 5421 7034 3655 9978 7521 7246 6149 5320 
26 3709 5097 1491 8841 5448 908 1865 8235 9885 3362 7213 7404 9845 2939 7515 5199 755 9511 1992 1475 4210 9686 7705 7731 4556 511 
27 1999 1143 4951 8717 9382 9719 3225 5396 8641 7651 9545 3453 6951 3646 6220 9040 4493 4842 4159 1384 1982 6702 8747 6013 501 3826 4594 
26 9861 1038 2524 2396 6005 4076 1440 8876 3774 6914 292 3464 1170 1894 4814 6877 7064 3690 3969 317 5180 3998 1404 9293 7322 5392 
27 3922 4303 4507 7026 5460 2279 8442 6744 9425 6715 8889 5347 189 4551 86 6807 538 483 1510 1922 8456 9637 3157 6972 3024 265 3767 
26 7245 5944 6959 2971 462 1740 1340 3429 2538 6210 310 7300 5833 4167 9264 3293 4187 5099 5743 1646 7799 8823 6181 3931 2215 8009 
26 577 5613 8134 4217 4200 4030 173 3905 3785 1986 1163 1144 1879 5718 4727 1013 2702 6682 3397 9369 6909 8788 7280 2487 1851 7722 
26 3516 6668 5934 5553 779 4739 1996 484 2179 472 8369 5770 5854 5230 2741 8996 6760 6307 122 3270 3613 8393 8522 480 4548 2810 
26 7136 1492 3899 7516 3696 5229 3272 6764 4864 9375 9704 1244 7290 8550 449 4780 2684 7041 3768 2102 699 6086 8846 7089 7593 7899 
26 4114 8961 8952 6234 1855 1133 7878 2289 8040 886 4591 4147 6060 8796 6607 7994 4202 179 9102 2356 9514 714 7164 6397 4714 8351 
25 8786 405 6778 2614 8584 2298 311 6230 7190 199 9057 3246 9185 4276 6644 1225 9509 4649 1902 7055 5571 7332 6637 8784 4014 
26 6613 1359 8026 3064 2013 2053 6437 5512 5838 3835 5124 609 2645 1517 1887 4946 9928 1101 6831 9225 2340 7457 516 4590 5042 6216 
26 6042 8669 1712 4327 2815 9549 9989 2613 4264 5904 300 7459 777 8254 3978 7218 5554 9693 3597 9399 9348 5946 2537 7553 4962 8194 
26 7653 9740 256 7864 2578 6767 5857 4524 2937 5749 6183 6213 6406 9299 492 2292 3125 3433 9000 9715 296 7734 4984 7968 2075 3870 
27 6885 9688 1956 40 6351 1588 8970 2313 261 7062 3146 2699 7025 3026 9617 4610 444 4861 4711 1438 2476 10 5294 4291 3345 5915 1596 
26 8424 9446 8399 9042 8204 7381 4673 4454 1555 8668 1460 2842 2944 8621 9050 5056 4299 1803 9578 5141 2987 3112 3547 6303 9650 8314 
26 3875 1752 910 1100 9033 7176 8365 6436 5976 8258 54 3839 8384 7035 4839 5539 1640 2941 9171 1478 9605 2883 8043 205 9152 6055 
26 526 6980 1751 4957 6113 4495 5446 9324 7671 4062 7009 3094 4862 4365 8288 4557 7628 9846 201 6852 1443 3351 2093 3421 1345 9969 
26 1808 9213 450 5516 357 1042 7110 2161 1089 6171 2116 6612 1029 3963 1469 9653 6964 3789 9132 2363 8088 9170 1881 9615 4965 1635 
27 5014 5467 5077 8872 3266 6500 8328 4348 3320 7776 6976 2121 9411 623 3512 414 8921 438 3809 3307 5316 3752 2862 7804 8298 1791 722 
26 9168 596 4503 6150 4573 2439 1917 3100 5355 1643 6582 8248 3132 264 8276 5631 8156 5697 7669 4569 4270 7711 7478 8585 7655 7649 
27 3249 7511 3579 9019 2051 2101 7800 4205 7629 332 4168 4456 5817 2666 2949 6376 1645 7732 4899 1513 3823 6541 7868 1474 4735 936 2783 
26 8220 3104 4757 9408 4126 6580 5079 2247 1219 594 3507 4295 5427 3514 7196 6884 4305 9294 1984 9206 7498 5359 7106 5948 5897 233 
26 9049 3209 9202 7253 7116 8108 6616 3480 670 4334 9089 6585 6665 4226 4112 6353 1623 631 7504 8354 7659 809 5527 5471 2850 3876 
27 3387 4805 9361 2244 5585 2221 7891 8349 6740 4684 1630 3635 877 6450 7200 3013 912 9641 7640 4675 3221 8985 6838 5536 6074 696 9802 
26 295 8948 2557 2570 952 5867 3871 5878 2183 4497 5699 239 8015 7088 2951 2425 5415 3666 1026 160 7139 8203 3936 4197 1484 2791 
27 42 8121 3701 2399 7867 1923 1487 7227 6944 3481 991 3490 1280 9207 700 9098 7365 801 3372 1332 423 459 1375 7396 5734 1313 1773 
26 175 3782 9441 5997 9621 706 3114 9725 2960 1256 3273 5428 4161 9931 4434 904 8571 9195 7749 6467 8188 197 1396 5491 1184 2157 
26 6423 1425 1186 3172 1241 4887 5353 1420 987 790 7275 4376 4180 7058 6451 9893 8041 3089 3357 786 3676 7128 4877 990 6371 7996 
26 8995 3452 6093 1614 4784 8992 9864 5302 4413 5687 7906 7958 9043 3983 611 9513 4070 2592 4142 6108 8789 5158 8110 2189 2781 711 
27 207 8545 4773 8547 8820 8046 2673 2489 8783 5382 1889 1436 4546 557 9668 3576 6124 4399 3000 9843 9468 1841 1815 4532 2895 8265 3232 
26 4935 5383 9075 3932 2914 949 3741 6978 1193 1011 1329 527 6114 9796 9830 3068 1625 3967 579 9259 8929 8777 6532 3816 5361 9212 
27 9014 8339 656 5349 2966 5318 4015 4880 1317 5350 7928 4379 9118 7844 6539 5248 1780 8198 6558 7193 8126 826 6713 1975 4461 126 3952 
26 7418 773 2954 5247 1890 167 385 8645 8182 1218 7753 3416 6182 2010 8283 8226 241 2460 3342 5089 9108 1685 7807 9423 2985 1990 
26 2851 1942 7402 7724 9772 6554 9223 2797 1007 59 9664 1490 125 6175 1571 5287 1702 967 1945 206 5776 9124 8068 3985 8443 6576 
26 78 8504 4996 8438 3845 5671 9745 9781 6606 3603 3975 4382 9959 234 6492 4738 9726 8098 6401 8508 2545 6076 7508 6008 2532 9556 
26 4768 4989 7309 9811 873 6049 4472 2477 9883 5096 7432 4215 8650 984 379 4118 8495 4686 5271 8748 2784 5629 547 2959 7921 9192 
26 7584 7539 2418 2037 6556 7607 3854 8441 1971 4201 2412 8722 5820 8095 4033 6649 3852 246 1324 293 3447 6339 9642 1655 7697 4789 
26 9888 2698 5886 8130 9974 7016 2745 8005 1083 4140 2502 2408 8007 5104 3939 3004 6526 1850 1432 137 1900 8527 6002 4600 4586 7908 
26 9435 9662 7380 1675 879 1236 185 926 2552 8623 4689 133 1905 9421 5531 4847 6863 4429 8664 8411 186 6077 6920 2544 6235 3436 
27 2209 1191 3027 6961 8445 5883 745 36 4446 7614 1166 9855 986 1308 7556 5187 7181 9896 6525 6122 1153 3995 3729 8081 3328 9100 4978 
27 1574 1125 1816 8733 3291 1276 2868 6615 789 7816 7525 5913 3807 6502 981 6621 5651 8608 6285 136 8014 6751 5402 6308 7837 5007 6627 
26 4189 2297 5206 2736 6073 9831 996 4017 3212 6225 3434 5894 2632 8475 7378 4164 2029 5853 9028 5328 4296 2197 8002 2737 8548 3504 
25 8946 2847 8080 6032 9754 6280 5125 901 4432 8147 7188 8752 6208 9290 2290 180 4372 7446 757 6560 8955 2510 2999 8092 8395 
27 934 4662 3937 1862 1124 6912 3479 3489 1326 6711 5983 2397 855 4371 2015 7514 17 524 5338 9638 8202 8902 8058 2514 4890 3422 9154 
26 9189 352 9492 4529 979 8006 2232 8274 1671 3892 911 8482 6006 3674 1050 588 326 495 410 712 2732 3930 3355 2380 4097 9895 
26 1141 5837 8870 9352 5968 1217 8727 8553 3167 5035 8505 2262 7740 3446 6048 9169 4654 992 6937 9086 5019 464 7544 7951 2099 447 
26 3042 8394 5908 7481 6815 9825 7467 5053 3069 5509 2153 3095 6892 7310 3047 884 599 829 6165 6158 5305 1714 9698 368 8360 7887 
25 6229 7720 1066 4151 6211 2642 3934 9231 5297 7672 8855 9389 7012 8190 5806 2246 1733 7599 7140 1497 7523 4615 2067 6974 3531 
27 4466 8730 271 7351 931 1994 1342 8812 8974 6357 1825 7007 1621 1719 7385 3204 4752 5708 8524 5004 897 7440 121 4811 8986 3918 1637 
26 4052 8207 7638 7084 1985 9242 8679 1777 8476 7727 8976 8666 580 5943 1828 4836 8199 1180 6126 8449 7754 1209 843 4827 7362 5987 
27 1048 3628 2777 3762 9907 5682 5157 9415 6630 7037 9780 3124 7612 895 3470 3890 1652 6777 3017 2240 7465 25 4367 5937 7470 5204 6479 
26 2805 4433 6935 5171 294 6566 1904 8154 4158 360 301 5417 729 2869 8200 650 9266 5616 8064 6290 9905 4584 5870 8891 3769 7917 
26 3423 4474 7251 4917 7625 7865 3644 5274 3532 9562 7824 6378 3065 1504 6594 7437 6938 463 9319 9210 2865 9221 5864 8658 1027 9768 
27 6950 1831 416 6092 2353 6322 941 8920 9327 9973 7811 6510 9844 3461 5746 9525 4453 3714 748 7451 5217 9881 7281 9244 7852 6142 3595 
26 5919 6488 6765 9219 4009 9302 6112 9084 5407 4130 8552 259 4011 4177 6726 3109 1710 9946 5620 9744 6917 8192 4798 5787 6947 1868 
27 3153 3235 6754 9224 9139 1787 7349 800 6160 4204 7345 9372 7860 2615 7307 8960 6725 9480 3788 1008 3726 8772 4608 8979 3979 5481 4625 
26 6392 9288 7329 8949 5117 6242 1750 1194 204 8877 4533 8665 1642 4157 6968 9103 1732 4604 4208 5143 5088 6478 7477 6377 7926 6656 
25 4960 9826 6416 6275 8766 2622 4356 8469 3813 4687 334 710 8761 254 8028 2488 875 6219 269 8127 983 79 4224 6542 900 
26 8097 3704 1842 2305 3442 9489 4231 3904 1477 833 2050 1920 9792 965 3672 6180 7292 9144 8457 1078 1912 4993 7923 3207 836 5674 
26 9371 6154 4808 1560 7147 5901 7872 5312 9308 7875 997 2465 8137 4471 4207 2200 3371 3466 1159 1663 4624 2964 717 4680 4345 411 
27 1769 4246 2855 5895 2664 7158 513 1411 1679 7815 1168 1742 7308 8436 2225 4656 5628 2723 6043 9357 4242 195 2926 6059 9987 5178 7049 
26 152 4066 8592 4006 4123 5499 7866 1253 871 9720 2178 5611 6291 4277 4737 8336 1955 9512 1463 9610 7101 692 7991 2008 7537 5065 
26 660 2713 2000 8890 5658 1165 2591 8249 7038 3336 1799 1128 8334 9024 1783 7737 1584 9597 6803 4744 7895 3841 2938 5926 6626 5561 
26 4071 839 8356 9636 1631 2018 80 4630 6847 6033 8801 1952 3054 4421 3927 4541 7127 3012 2486 3469 4979 9524 9476 8228 1350 4275 
27 6424 9038 3460 7969 7416 7957 930 4642 9949 4997 2011 4284 1147 9334 5956 193 5692 5750 6023 9373 6801 4790 3208 41 1916 4767 9577 
25 5057 7704 61 3811 9625 5348 1368 3724 7709 4544 5852 7118 2546 5546 263 5272 8230 6383 6536 7902 4733 1947 677 2467 4690 
26 1587 7606 3471 8624 2085 6746 1898 3711 6329 7243 1206 5847 3382 6100 9630 9624 4924 454 4920 4075 7490 4746 2749 9438 825 647 
27 5046 7343 8781 1499 2555 7668 851 3299 2176 7473 353 5137 5782 57 6629 4438 6712 1291 5164 6031 8157 7897 1237 439 2306 5551 2518 
26 8849 2090 8969 6983 3380 2138 7028 6562 1304 7409 9793 2389 4583 6228 2872 7626 3594 1823 5469 5363 614 1374 5391 796 9161 5044 
27 9111 9447 2649 1835 7528 4181 1593 6919 4931 8794 4844 2780 1929 2204 5299 9297 6288 4133 3282 921 7169 8323 3450 731 937 4707 9914 
27 13 4392 7394 6382 7845 5706 4350 4589 7390 1074 4440 4658 8020 5606 1114 645 3419 3773 9386 5264 5358 3135 9025 8077 5372 9410 9784 
26 6197 7487 1779 1152 4001 9356 9939 550 4292 3194 5834 6174 3175 4676 3837 9998 9518 853 8405 5025 8169 4369 6533 4518 9188 7559 
27 4764 9850 3643 3373 1016 5693 6866 5315 5425 8224 6238 9303 6457 5727 6350 9419 2886 3255 4982 3523 1372 6659 2721 9041 5618 5779 5211 
25 7937 8590 4068 1325 2768 4323 674 1028 5119 648 9007 603 5767 7681 2653 7189 9749 3738 8136 4362 9523 7770 5526 3279 6898 
27 9714 3247 8027 9606 5258 8421 6427 9310 356 6233 8253 4316 8686 6544 3463 6111 5825 6958 9199 8729 5792 1546 2095 6358 5375 1946 7492 
27 4974 2795 4067 6374 2126 1547 6215 5769 4652 8862 8755 6352 2056 5732 5622 3805 5498 6127 4606 7274 2588 8084 1812 3601 8270 8167 7326 
25 3590 2351 9506 1442 309 3443 5506 3185 9634 2943 5694 7312 3828 6439 4623 8155 3776 9711 3874 2443 1869 7517 5685 5513 2587 
27 602 3179 5903 2169 1210 5307 2770 8911 7046 5222 1493 7785 3926 2759 4414 5394 1240 6967 7067 4528 5922 8706 9065 6867 1891 9847 2103 
26 4141 5557 89 9956 5423 7087 4116 2917 4110 7336 8222 9158 8886 7102 4328 7591 6443 6020 3097 3691 3947 455 8559 8501 7294 2611 
27 7576 9538 6890 3126 7603 7842 9184 4385 4500 8628 6590 3834 3812 3889 3458 8401 7813 772 2871 1200 8079 4155 3111 6495 5374 1212 7010 
27 570 8383 9951 4436 6278 7406 5850 8322 8603 7950 9728 865 1352 3747 7779 3895 2133 4837 3395 4558 6420 7287 8554 5231 1079 6680 6405 
26 962 6152 6664 1863 1562 4788 1770 9393 4900 9067 686 2390 6345 8882 8982 505 5841 6604 4203 5250 6593 1254 3406 3161 2956 3227 
26 7883 6770 3302 3306 837 4694 7598 7927 2175 6188 4153 3310 8371 1135 318 2697 6343 5931 9269 6196 4651 5091 6201 4841 2670 4821 
26 4065 9589 5938 2252 571 9329 3040 4341 6268 6574 6434 8938 4160 2837 5505 7438 7103 9911 3935 118 11 4741 6828 4561 1739 2494 
26 5465 1846 4944 3866 8714 4942 939 1882 7703 878 7873 3284 5761 1063 9292 6104 9567 3638 1296 7137 8427 4908 4688 7214 2493 1993 
26 7633 766 8513 8829 6677 8526 4358 2525 4785 7503 9964 2877 5808 1453 3073 8310 905 2192 5745 8275 7967 8606 8100 390 4956 8618 
26 7662 5336 8297 5534 4084 1639 4478 425 2511 9815 8189 8775 8279 6321 1173 6946 7133 1649 1722 8428 8308 2990 806 3664 3580 7652 
26 8099 8472 2005 2195 1575 9540 1151 243 1120 391 7939 6367 6508 7363 8168 9674 5123 3245 2073 3294 4012 5515 9134 2041 9544 7502 
26 9488 9718 8143 2003 6000 4639 8968 4083 4363 532 4375 9280 6399 99 1567 6466 100 5047 1077 8342 8965 7453 638 1105 6240 7936 
26 4753 994 4088 7191 2747 610 250 1836 576 6989 8967 8989 2967 4761 5378 6768 7848 5458 6934 1208 3578 149 2311 8596 9645 6135 
26 7914 9136 336 5116 5574 7185 3079 141 5700 5314 2040 7237 8038 3271 7795 8519 1565 8703 2958 8101 1183 4222 196 4592 8240 2994 
26 8346 6001 665 9806 4250 6007 1302 8262 8988 4732 5488 1102 1494 367 8614 2910 6734 5641 6259 1827 3838 8515 9579 4257 7608 9478 
26 7148 5008 7014 4 4156 2920 2410 4325 6697 8878 2276 7884 1094 2581 8773 5617 1252 9234 4755 8388 5408 7616 8830 3589 362 4964 
25 3363 8440 5965 8327 3671 1203 2331 8458 2595 4243 4344 109 7112 917 6078 5614 4653 3900 3230 5221 7052 509 4352 2969 9481 
26 4322 3171 5555 9592 8615 3722 6309 1759 4542 1899 3290 3730 3894 982 830 247 4357 4972 3658 5518 732 1576 6929 556 1559 7907 
27 7427 6897 3630 2384 5829 738 1804 7748 5293 3794 6999 71 3377 1392 2315 8158 1190 6247 4198 770 880 1930 4138 2385 5489 2952 4361 
27 4804 6671 5917 3462 4152 5126 5433 2541 1370 5856 4223 4892 9287 539 9252 9323 5810 1366 549 7 8474 8160 5615 1798 8011 7066 2254 
27 5777 1691 5529 3735 4629 8293 1222 1127 9531 8013 1557 2148 6143 8901 274 2972 6045 3549 7160 5933 9205 3426 2885 8895 2807 1315 5255 
26 746 3505 5511 6459 5182 4553 3335 5739 6523 3330 2120 8661 7077 3753 3641 255 3378 9401 6131 8359 351 2405 3014 2357 1928 7187 
27 4852 3496 1067 7020 2343 9391 6167 1821 5843 2373 1880 9370 861 8787 2034 211 3754 1164 7786 7862 8104 5665 8343 7156 1323 9724 1648 
26 654 846 128 7744 9484 813 6036 3430 7401 546 2643 6386 58 3786 3301 5741 9528 8997 4285 7303 4426 1479 2866 9474 3202 2504 
25 138 23 7173 6756 3323 1441 5670 8517 8211 1233 5701 7247 2428 7924 8529 1195 8233 9005 8570 4849 9819 1470 6360 6271 7718 
26 1965 7216 8797 4607 5949 7327 9583 9798 3229 7195 7830 6388 5962 3692 9409 6315 500 3566 1605 2575 3224 5560 6660 3962 8539 3107 
26 9543 6785 1192 2293 721 8417 7296 4193 400 3925 1589 916 1046 2549 1221 7733 1523 807 3787 29 5184 818 192 7029 4881 7886 
26 1577 9992 3501 2963 3391 4567 2637 2158 2318 9056 6224 5441 673 3108 9483 8758 5672 5431 2932 6109 4613 1686 7970 1288 8132 7756 
26 8057 9498 3640 7323 5416 4307 7278 1610 3637 7935 115 4294 7557 9283 9387 6494 7832 4846 9519 5437 8940 2104 1361 6881 4585 7368 
27 9988 476 1140 3763 338 9537 662 1485 8728 7942 5480 1698 3010 2739 9852 2663 7003 1379 8212 1155 8852 2065 3859 5548 6776 2901 2388 
27 2265 626 2604 5696 2049 3242 9622 5105 4527 5597 636 8538 6337 5191 7564 7500 481 8331 165 2773 298 9572 4936 9030 5591 9882 4087 
25 1386 6683 5794 3612 2746 2840 9892 720 7765 9760 1709 92 2984 8148 6530 6400 9867 6346 7391 5785 3438 4571 4981 8187 3080 
26 1109 3181 7011 8324 4976 555 9238 2728 409 2230 2426 9466 6908 305 9823 4406 4812 2650 1065 3223 3977 4108 4411 31 578 8816 
26 2378 7030 502 2755 5713 35 3997 4953 2947 1226 7282 3241 3585 8124 1456 299 3276 1426 5494 5576 9569 3352 3909 2904 2431 1235 
26 3123 8152 26 9175 7482 4096 8737 6312 290 5578 9092 6728 2893 9595 8534 1224 1624 4770 6107 6080 9813 3687 1939 8024 9330 4300 
26 2672 8568 7529 8049 5082 5368 3858 8541 2280 9917 778 2019 5135 1457 7836 2806 3031 5362 3924 5992 607 6907 3196 9765 8583 6730 
26 5500 1271 3383 9385 3009 4252 964 1657 2001 9690 5533 9651 1847 210 9312 2110 5816 4359 4269 7954 5932 1108 8219 3457 5789 977 
27 2417 1035 191 9052 9428 1076 4282 1149 4306 6609 6927 5497 9279 6483 1713 3043 4706 72 5929 9684 9306 1718 1594 4995 2516 4135 9255 
26 8709 6347 6819 3953 8693 163 1160 8518 9153 7407 5550 6115 8883 2372 2740 3253 4023 9026 3413 2619 1061 399 5344 4683 4708 6804 
26 5062 4796 5898 9884 5020 8281 8488 6162 8123 8318 9871 5108 2730 2527 6802 1950 8113 8580 9333 3572 8556 4531 9912 1801 4526 8696 
27 1641 6597 4169 273 9115 740 5759 9457 3176 718 9502 5689 8446 9902 1416 3574 354 2625 5444 5623 4810 6911 859 2448 5774 8819 419 
26 8551 3665 5865 1926 2395 7149 6902 6550 8289 9921 4988 1934 1744 7882 3961 297 3885 1087 6468 8923 2566 7972 486 6068 7174 3188 
25 4077 8835 9131 6936 3557 4309 7915 7869 1082 5304 8892 412 9256 4902 56 4035 9083 1696 142 2597 3219 5813 9991 6639 4915 
25 7324 1348 1407 780 7621 8050 1735 739 3398 2928 564 7150 1838 1054 1047 3884 8444 6333 7254 1966 8510 2626 6573 4422 7471 
26 4398 8447 9236 817 304 7572 9406 3544 8593 5584 6449 709 863 1636 9794 2047 1743 9944 5722 5452 4336 8672 4682 9003 7854 5666 
26 666 612 2836 2140 3164 6304 6522 5911 1692 4921 8931 4985 5093 713 1391 6724 3737 657 5203 3591 3542 4320 5569 6266 1001 7688 
26 3815 4878 4481 2304 5680 6027 5596 1354 3086 8391 9952 6763 2657 48 9564 1906 6336 4441 4233 3980 2160 6317 8845 9045 3474 7568 
26 6603 7984 5942 1175 8910 473 6286 7163 597 5311 8907 2900 6749 6706 2631 9553 1656 7398 6641 1019 8739 3141 2718 1486 8640 6173 
25 2182 2241 3099 8234 6794 466 4452 9854 4489 7423 9655 680 1409 9810 8196 7023 3976 6372 4859 7197 2427 8695 5650 5698 7165 
26 4760 3929 498 1278 8162 2057 771 8251 2843 5530 384 2685 3778 6873 4340 955 2270 3414 2641 8229 2374 5101 6366 5032 1727 2561 
25 445 6796 4937 2135 6520 8865 2687 5168 5045 1724 8144 1701 3003 8780 633 8702 7964 4928 5762 9691 3478 4646 1263 2371 2007 
25 7828 9117 1983 6407 3283 343 6446 3158 6364 7400 4100 345 628 3437 3814 2087 7333 2458 3497 8888 5039 7647 6041 4058 2296 
27 9282 698 6623 1398 8701 682 5218 2064 6872 6893 7377 6206 7043 7725 5982 7889 2026 6469 28 9840 1328 7583 7121 65 788 5410 6148 
27 4473 3775 5914 2756 5724 2106 3281 2983 4641 3364 1023 2998 1761 9935 8051 335 1213 8868 2023 7904 3165 632 4360 9320 5317 6810 7417 
27 5798 3551 8851 1417 1448 5714 9272 793 3784 5781 1045 3147 4603 6398 4845 2245 4085 9730 272 7269 7339 4468 6324 1316 4552 946 4659 
26 6669 3503 9646 6748 2236 703 4550 3500 1207 4293 7560 6024 382 3137 1169 2299 9779 7325 6081 2421 3374 737 7107 2143 224 5193 
26 2993 1468 5462 1049 7249 7691 7840 4003 6824 2867 2656 4930 7739 7069 6146 1781 8827 5087 6880 8635 5234 978 2703 2789 7422 4331 
26 7995 4338 4458 1024 7436 147 2136 1098 620 4504 4002 683 522 4424 9209 762 7027 6270 4626 6903 8632 3510 3354 1071 3901 1508 
26 6845 5771 9685 2965 2873 456 1299 943 3487 2522 2948 2314 9367 4213 2206 7999 7141 6589 7971 7657 7252 8802 8708 3057 4512 4364 
25 1472 811 288 9416 2339 6411 3587 266 2286 9979 9628 2675 4633 7757 8210 8313 1563 7716 8881 5649 2376 6717 4762 1136 9163 
26 9155 5608 9251 8282 5896 8594 3151 5253 7455 1349 872 2316 3700 1866 494 1341 923 342 8181 8719 8622 5819 9517 3652 5635 1177 
27 3256 2803 34 2526 5251 6618 1784 530 8912 7305 4028 2520 7809 9177 3677 2727 8321 5463 2742 6070 4000 18 4407 5747 2273 9918 960 
26 993 8366 2 6445 9096 4858 7675 7142 1676 3379 2325 3456 8842 2540 4756 6905 6759 1201 1357 4968 5341 4366 7542 1967 3366 2155 
26 558 6687 2263 9735 4286 4730 150 9994 1980 9812 6454 5579 2761 5270 1272 1632 8984 9532 9493 7567 6289 1728 8218 6755 1399 5690 
26 2452 8205 9940 5612 5868 9504 4487 7202 4888 5501 6813 7388 6591 4488 6204 9981 608 4876 3032 4342 1583 6833 7223 7966 7178 6051 
25 671 5241 928 9817 4636 3667 3486 5406 6097 2260 123 8185 8762 4113 1161 9174 9473 5893 7827 2824 3800 1543 2911 5050 202 
27 4661 2202 8481 3259 6348 4183 6752 4025 3340 6263 8047 9187 7242 559 733 2111 7570 3945 4554 9114 3002 6887 8197 4384 4353 8683 694 
27 4616 2335 7929 7161 6504 8462 4137 1306 2689 4822 3407 403 6272 8348 9570 5013 3088 5139 2081 1617 8905 1874 2269 3734 5507 9841 6422 
26 2636 523 6046 4219 1025 62 7513 2194 1427 4833 1292 6018 339 6156 758 6302 5393 8303 488 6855 9950 6797 5275 6762 6498 7534 
25 7822 1896 5345 422 2352 393 0 6328 6690 9482 1003 3317 4851 2193 2364 1073 7495 776 4029 1501 735 7713 6901 7801 3334 
26 395 5532 3618 1053 4393 9803 4809 3018 4095 7925 5292 2790 1401 3896 1616 2379 3728 8496 5626 2579 1527 7644 581 1446 2481 5240 
26 8407 7574 8400 4966 9708 1854 7541 2846 1849 9412 6456 3685 6044 270 8975 5899 7168 4781 7913 9377 7220 8779 5466 5280 5365 5033 
25 9872 7708 4769 9967 589 630 9362 1310 3313 6862 7941 5848 2845 6282 618 1502 9316 4854 3206 1331 8836 8306 5215 8744 9404 
25 6190 8406 7042 9073 5860 132 4387 6473 110 9173 933 9739 4578 1413 6924 7273 4056 3751 8091 8951 8742 3098 6052 4643 503 
26 2823 1893 8431 4442 5066 1229 9898 7755 4691 3797 76 6646 3220 8908 2798 3046 7262 9566 8069 4971 7619 9886 749 3522 7841 6413 
26 1753 7946 1014 3396 6421 8178 4089 9660 5142 2924 8437 7846 9261 7167 3662 8333 6853 4806 4073 4403 7048 2393 3760 4674 6663 6906 
26 6638 3991 3339 8613 2137 8933 5457 7680 9376 881 6849 1962 178 3684 2108 9776 2754 763 7535 4283 3586 1454 6490 321 4339 2288 
26 8595 9791 6482 6910 1264 1674 3556 9808 9126 715 6693 3622 7346 5540 8764 6628 9922 9614 129 6840 9903 7289 9679 3840 3530 4916 
26 2652 1062 9787 5668 3036 6779 9183 200 5133 8089 4515 7949 3806 7075 1927 3359 8626 7095 3933 7562 5380 2667 6783 8225 869 6014 
26 3233 5041 1205 5207 2358 6551 6205 3341 9274 6705 5000 4402 5839 2077 4955 3376 7684 7634 7444 4462 8811 651 172 2400 9995 7456 
26 3902 6720 3260 5855 5436 4795 4950 6553 2009 1309 2887 7157 643 7053 7155 2792 8671 9088 4308 7905 3424 6761 6654 2915 7533 4644 
26 601 7222 5113 9559 2212 4530 3669 5772 4229 4241 2052 4823 249 5122 669 3418 325 1806 9226 8280 3023 5728 6916 9347 7997 6647 
26 8315 6425 7689 6925 1123 2359 365 743 6515 7091 545 2017 6026 6846 2466 2327 5186 19 2787 5449 5709 7342 8782 7002 2786 9770 
26 9742 1364 6635 8083 1239 3847 9936 5401 5012 4857 6552 9365 2551 6743 4125 8034 9706 3394 6514 9305 9948 7618 6503 9071 4235 6614 
25 9284 1424 3316 2860 2775 4221 2027 3675 8760 5404 5259 4098 3401 4819 1403 840 3252 2277 7092 783 9342 3940 9422 6960 496 
26 9211 7096 2916 3410 3347 5619 2450 7693 3908 1228 1747 2724 9800 9232 7750 2070 7357 8086 2347 5824 2282 5812 1115 4699 9403 7021 
26 7609 3856 108 6102 919 236 8620 841 7661 3546 6145 9618 2973 7831 4614 9471 2453 1940 6913 4484 2109 4297 5559 3083 8768 819 
26 8724 7494 5476 6620 6876 3091 499 6163 9254 8677 2935 781 5330 5842 2821 5493 3007 7098 7548 7665 8179 9878 3993 7008 9015 7796 
25 5354 8657 5675 3417 2801 33 4672 8680 5490 4774 3721 2235 1963 8713 4800 7231 1591 7372 4816 2553 8542 7100 5161 3305 2565 
25 6891 6578 7648 7575 3275 91 9675 4263 5508 6287 2539 5840 1458 9325 6334 4534 9085 6987 6194 1481 5686 181 5586 5845 8180 
25 5262 457 7244 9150 9678 8201 8256 6567 3742 7068 4547 3393 6696 4549 4094 7563 4439 2816 9402 9539 2250 2567 491 6737 2217 
25 9858 3911 144 7985 238 1300 5875 5496 5121 521 2044 6137 5220 2326 7912 2899 7573 6529 5888 4209 3713 2214 2942 9094 4037 
26 7735 314 479 2048 215 792 7347 2680 5763 1104 7267 4992 8255 9547 3129 9046 1338 8800 1561 2621 9101 1978 7518 9398 8402 9799 
25 3611 7235 9522 3518 4018 1282 7751 7916 2320 5412 258 9434 4417 5095 3799 9551 1246 1970 9639 9318 7019 1449 47 6496 6279 
26 9890 7918 2205 676 3680 8176 8577 4545 1259 753 5249 5691 8149 9588 2130 8847 8563 8312 707 5710 372 8535 616 8487 966 2678 
26 9328 1060 4091 7699 7383 1760 2644 5390 5975 2509 9654 8337 143 4637 6075 2419 2690 2473 3029 8676 9849 4510 9805 8195 3062 2661 
25 1764 328 3149 2253 7980 9909 9753 7405 5028 6820 2382 6701 8338 5978 1537 8684 4405 6297 1362 7987 8112 2211 103 2349 9558 
26 8267 4166 7331 8699 678 2058 6686 9044 4736 21 9247 5282 9464 7586 8990 4525 9671 6827 2127 1814 1129 9181 9633 3197 7772 4771 
25 5370 1437 747 5910 5797 8093 8001 4079 5514 8284 4179 8925 153 2757 1376 4261 148 1755 4173 1311 640 9143 9080 7474 7775 
26 7901 6497 544 8950 9752 8726 3103 5887 2989 3078 1908 2080 9448 4332 418 756 5986 3475 3115 8531 7998 3214 9613 7861 2936 5107 
25 7256 5049 5545 3268 2036 7361 9762 3130 373 5420 3134 6063 3063 1382 4051 440 5572 3965 2002 6316 6103 3946 3663 8619 6121 
26 8453 8523 736 434 6822 8569 1258 2207 2558 5964 1960 1870 831 7271 999 5573 6527 5194 1949 1232 661 9924 1762 7900 5717 5638 
26 4801 4632 6699 1745 2201 6731 4969 9240 465 7484 4021 3795 5450 7431 3067 4509 744 4894 8704 7311 4176 4705 7730 8776 9786 6537 
25 7760 6245 9933 9095 6966 7526 3192 4577 9835 6651 7429 7792 9060 8610 8667 9405 3621 2449 4102 2875 9977 2962 1629 3008 6806 
25 4049 551 3519 9836 5102 9955 117 8642 4679 2760 1405 4601 8601 4335 9066 5957 4086 4863 1388 7892 2302 3239 9535 9573 8307 
26 2711 5324 9459 1197 7773 7299 2409 8004 4163 1548 2124 9233 1553 9355 5594 9587 7961 7366 458 1687 6899 1786 6447 9383 2634 3517 
26 8644 6879 3921 5456 5144 3033 8022 6535 7812 9110 1618 5874 5075 5695 3535 3327 2112 4731 7920 9972 828 8032 8660 3074 1653 7207 
25 1187 188 4099 7442 1659 971 8478 5090 1096 5327 1319 9414 1358 4883 3740 9487 7783 3296 6391 9193 5677 8935 624 9555 5738 
26 1788 8983 3312 7279 9761 8368 4377 9954 3989 8214 5106 5063 213 2251 14 2407 2700 761 154 8173 9036 3559 4337 8880 6435 9827 
25 7313 5583 3560 8530 397 8791 5176 4055 5793 9993 55 7973 2970 7909 6940 6792 1084 2628 5814 8763 948 5459 4274 2925 6164 
26 3968 1040 6871 1059 6123 1412 2238 9853 1307 1435 3631 1972 5027 9344 6565 3928 1941 2596 5871 1072 3699 5521 1626 940 6633 7315 
26 4469 9635 2472 3744 6379 3541 7981 9339 2055 2808 907 3981 9923 5268 101 6387 5927 1844 9245 6254 7360 1682 12 3349 2668 697 
25 3877 3119 7581 4455 785 6859 9495 5822 9548 8008 7596 6811 2171 9876 2695 5422 8300 5754 728 6101 3084 1287 6012 8574 5681 
26 8039 5967 417 9378 1961 2375 2794 9149 8655 9593 4696 3251 4779 7172 7803 4191 8304 279 725 2669 6209 4631 2834 1255 845 5453 
26 3562 9417 276 3295 7485 5683 6393 6300 6344 3228 4869 5162 5909 6072 5485 8425 7225 9396 3617 2934 8838 1790 4973 9452 3540 3386 
26 2414 8386 9755 4715 4005 4302 9571 7111 9442 7257 8562 8231 9694 2220 6453 6861 4865 2662 2515 9048 4912 1112 6688 8409 7729 5418 
26 1938 4701 5537 6284 593 8711 5170 2142 1883 1688 5291 5198 7962 5804 1606 1346 4787 5034 2366 3561 9167 9953 8146 1015 5257 2406 
25 8698 4794 8919 7986 4355 3205 9437 7045 3608 8191 1948 6484 9707 5731 7829 3056 6199 7226 3862 8853 4783 1518 9023 8941 6843 
27 1817 6610 1139 4560 5945 2468 9439 5760 5821 413 1723 9179 909 5072 8129 5958 5236 3539 913 162 3521 8818 6943 8244 3030 2809 8636 
26 8372 4057 8586 9384 8884 7719 5587 437 5023 3431 223 3449 947 6540 5643 4103 3222 1116 5788 5995 349 9557 7413 8792 7839 7947 
26 1660 1196 6258 3954 3610 8924 8673 5510 5068 3315 8734 8512 4617 4312 1736 9596 7428 847 4253 8738 5225 9020 9900 9687 3403 4188 
26 3384 8432 4214 2145 8549 8957 7379 1549 4396 3791 6954 5118 782 3180 5076 4482 6058 7582 5979 3593 898 8685 7604 7741 8589 1185 
26 9594 3765 7752 4926 4192 5201 6817 5757 6708 2100 6814 9278 7919 2006 2226 1 4389 5920 5165 7250 316 442 6506 1464 5877 7820 
26 2146 1247 2482 5263 9777 6341 9107 87 3508 6586 8145 4511 1507 5577 8370 226 9929 5179 3966 3990 5981 5702 1333 9164 4775 7911 
25 8404 5528 3694 1558 4053 2838 6738 5802 4272 4728 8536 430 9996 6786 7834 9534 8817 6700 6477 3994 2360 4196 2828 7965 9354 
24 6956 5149 487 432 4983 7061 380 5183 1431 8857 2416 5265 6692 6930 6512 7040 4886 401 4537 9508 4884 6921 145 5284 
26 9960 5334 4650 6790 7144 8756 3651 8528 9818 868 4952 3879 1452 369 2484 5150 8674 3964 9574 5190 2072 4961 240 3072 6038 1289 
25 3265 5245 4870 7890 8765 2154 9395 3770 6256 5192 4136 1489 2576 5346 6223 9262 8291 7826 4220 6342 5657 4490 7677 2031 8932 
25 2163 6931 563 7976 375 4903 7896 3802 313 4657 8721 3390 2342 8759 4570 4143 6314 5866 4427 1974 3459 6932 5667 4923 124 
26 8579 687 7552 653 7259 4975 3604 5074 9919 3058 4667 8509 7146 2278 6758 5640 4763 8767 959 1018 4505 2257 2105 2123 6650 3634 
26 8085 553 6655 4777 158 5166 3170 5570 7784 972 9677 5974 1721 2348 3886 7248 3329 6394 1476 1455 6858 37 5985 1385 1327 6625 
25 3581 5952 3333 7543 9258 2301 7369 2281 4958 1000 8691 8963 5972 6998 2445 1910 9516 2880 1107 1500 5009 5882 166 3868 4747 
26 2563 4543 3903 4710 3118 6267 8649 565 4262 7706 8821 6735 7276 8578 4693 3184 8537 5335 9341 3526 2729 9667 9563 4793 3913 2436 
25 5524 6214 1818 5298 443 6826 4692 1603 8206 2590 9051 9769 3942 9424 5541 5464 4911 935 9062 6465 6631 2731 8305 950 6088 
25 9054 5973 7384 1250 4408 1521 2433 1797 2513 8815 331 1223 3152 6653 7129 4475 8525 155 520 7977 4105 4840 637 3159 6202 
